s (1,1) 9
s (2,1) 74
s (3,1) 15
s (4,1) 37
s (5,1) 58
s (6,1) 18
s (7,1) 75
s (8,1) 16
s (9,1) 30
s (10,1) 9
s (11,1) 25
s (12,1) 35
s (13,1) 48
s (14,1) 86
s (15,1) 11
s (16,1) 70
s (17,1) 29
s (18,1) 7
s (19,1) 100
s (20,1) 31
s (21,1) 72
s (22,1) 44
s (23,1) 44
s (24,1) 39
s (25,1) 50
s (26,1) 78
s (27,1) 96
s (28,1) 84
s (29,1) 44
s (30,1) 74
(1,1) (1,2) 44
(2,1) (2,2) 36
(3,1) (3,2) 74
(4,1) (4,2) 50
(5,1) (5,2) 97
(6,1) (6,2) 16
(7,1) (7,2) 64
(8,1) (8,2) 12
(9,1) (9,2) 90
(10,1) (10,2) 51
(11,1) (11,2) 87
(12,1) (12,2) 39
(13,1) (13,2) 32
(14,1) (14,2) 81
(15,1) (15,2) 34
(16,1) (16,2) 91
(17,1) (17,2) 13
(18,1) (18,2) 68
(19,1) (19,2) 2
(20,1) (20,2) 69
(21,1) (21,2) 13
(22,1) (22,2) 86
(23,1) (23,2) 4
(24,1) (24,2) 36
(25,1) (25,2) 43
(26,1) (26,2) 97
(27,1) (27,2) 76
(28,1) (28,2) 19
(29,1) (29,2) 43
(30,1) (30,2) 28
(1,2) (1,3) 62
(2,2) (2,3) 45
(3,2) (3,3) 30
(4,2) (4,3) 72
(5,2) (5,3) 1
(6,2) (6,3) 59
(7,2) (7,3) 59
(8,2) (8,3) 40
(9,2) (9,3) 59
(10,2) (10,3) 36
(11,2) (11,3) 94
(12,2) (12,3) 13
(13,2) (13,3) 68
(14,2) (14,3) 98
(15,2) (15,3) 63
(16,2) (16,3) 41
(17,2) (17,3) 8
(18,2) (18,3) 81
(19,2) (19,3) 44
(20,2) (20,3) 6
(21,2) (21,3) 40
(22,2) (22,3) 86
(23,2) (23,3) 45
(24,2) (24,3) 44
(25,2) (25,3) 5
(26,2) (26,3) 82
(27,2) (27,3) 60
(28,2) (28,3) 12
(29,2) (29,3) 60
(30,2) (30,3) 9
(1,3) (1,4) 84
(2,3) (2,4) 25
(3,3) (3,4) 45
(4,3) (4,4) 86
(5,3) (5,4) 63
(6,3) (6,4) 42
(7,3) (7,4) 39
(8,3) (8,4) 85
(9,3) (9,4) 45
(10,3) (10,4) 44
(11,3) (11,4) 46
(12,3) (12,4) 36
(13,3) (13,4) 33
(14,3) (14,4) 42
(15,3) (15,4) 52
(16,3) (16,4) 7
(17,3) (17,4) 51
(18,3) (18,4) 27
(19,3) (19,4) 94
(20,3) (20,4) 59
(21,3) (21,4) 56
(22,3) (22,4) 85
(23,3) (23,4) 46
(24,3) (24,4) 62
(25,3) (25,4) 5
(26,3) (26,4) 24
(27,3) (27,4) 55
(28,3) (28,4) 97
(29,3) (29,4) 43
(30,3) (30,4) 93
(1,4) (1,5) 33
(2,4) (2,5) 58
(3,4) (3,5) 88
(4,4) (4,5) 41
(5,4) (5,5) 35
(6,4) (6,5) 17
(7,4) (7,5) 43
(8,4) (8,5) 46
(9,4) (9,5) 3
(10,4) (10,5) 99
(11,4) (11,5) 46
(12,4) (12,5) 54
(13,4) (13,5) 91
(14,4) (14,5) 87
(15,4) (15,5) 45
(16,4) (16,5) 7
(17,4) (17,5) 35
(18,4) (18,5) 45
(19,4) (19,5) 60
(20,4) (20,5) 87
(21,4) (21,5) 24
(22,4) (22,5) 44
(23,4) (23,5) 25
(24,4) (24,5) 87
(25,4) (25,5) 61
(26,4) (26,5) 92
(27,4) (27,5) 76
(28,4) (28,5) 31
(29,4) (29,5) 9
(30,4) (30,5) 1
(1,5) (1,6) 36
(2,5) (2,6) 71
(3,5) (3,6) 67
(4,5) (4,6) 59
(5,5) (5,6) 98
(6,5) (6,6) 89
(7,5) (7,6) 98
(8,5) (8,6) 35
(9,5) (9,6) 66
(10,5) (10,6) 68
(11,5) (11,6) 13
(12,5) (12,6) 58
(13,5) (13,6) 51
(14,5) (14,6) 4
(15,5) (15,6) 56
(16,5) (16,6) 33
(17,5) (17,6) 64
(18,5) (18,6) 19
(19,5) (19,6) 1
(20,5) (20,6) 37
(21,5) (21,6) 17
(22,5) (22,6) 48
(23,5) (23,6) 97
(24,5) (24,6) 30
(25,5) (25,6) 43
(26,5) (26,6) 39
(27,5) (27,6) 76
(28,5) (28,6) 24
(29,5) (29,6) 44
(30,5) (30,6) 78
(1,6) (1,7) 24
(2,6) (2,7) 50
(3,6) (3,7) 51
(4,6) (4,7) 15
(5,6) (5,7) 2
(6,6) (6,7) 59
(7,6) (7,7) 7
(8,6) (8,7) 10
(9,6) (9,7) 55
(10,6) (10,7) 14
(11,6) (11,7) 65
(12,6) (12,7) 65
(13,6) (13,7) 57
(14,6) (14,7) 21
(15,6) (15,7) 99
(16,6) (16,7) 47
(17,6) (17,7) 19
(18,6) (18,7) 70
(19,6) (19,7) 24
(20,6) (20,7) 79
(21,6) (21,7) 59
(22,6) (22,7) 71
(23,6) (23,7) 86
(24,6) (24,7) 24
(25,6) (25,7) 19
(26,6) (26,7) 17
(27,6) (27,7) 19
(28,6) (28,7) 23
(29,6) (29,7) 67
(30,6) (30,7) 96
(1,7) (1,8) 9
(2,7) (2,8) 11
(3,7) (3,8) 32
(4,7) (4,8) 49
(5,7) (5,8) 20
(6,7) (6,8) 64
(7,7) (7,8) 35
(8,7) (8,8) 96
(9,7) (9,8) 87
(10,7) (10,8) 34
(11,7) (11,8) 45
(12,7) (12,8) 12
(13,7) (13,8) 78
(14,7) (14,8) 21
(15,7) (15,8) 88
(16,7) (16,8) 26
(17,7) (17,8) 26
(18,7) (18,8) 87
(19,7) (19,8) 16
(20,7) (20,8) 39
(21,7) (21,8) 12
(22,7) (22,8) 70
(23,7) (23,8) 32
(24,7) (24,8) 3
(25,7) (25,8) 5
(26,7) (26,8) 73
(27,7) (27,8) 80
(28,7) (28,8) 51
(29,7) (29,8) 27
(30,7) (30,8) 91
(1,8) (1,9) 94
(2,8) (2,9) 38
(3,8) (3,9) 48
(4,8) (4,9) 75
(5,8) (5,9) 61
(6,8) (6,9) 100
(7,8) (7,9) 99
(8,8) (8,9) 46
(9,8) (9,9) 37
(10,8) (10,9) 23
(11,8) (11,9) 81
(12,8) (12,9) 22
(13,8) (13,9) 14
(14,8) (14,9) 4
(15,8) (15,9) 42
(16,8) (16,9) 59
(17,8) (17,9) 93
(18,8) (18,9) 67
(19,8) (19,9) 18
(20,8) (20,9) 40
(21,8) (21,9) 93
(22,8) (22,9) 66
(23,8) (23,9) 75
(24,8) (24,9) 85
(25,8) (25,9) 32
(26,8) (26,9) 72
(27,8) (27,9) 59
(28,8) (28,9) 73
(29,8) (29,9) 13
(30,8) (30,9) 73
(1,9) (1,10) 84
(2,9) (2,10) 35
(3,9) (3,10) 14
(4,9) (4,10) 10
(5,9) (5,10) 84
(6,9) (6,10) 10
(7,9) (7,10) 46
(8,9) (8,10) 17
(9,9) (9,10) 44
(10,9) (10,10) 14
(11,9) (11,10) 92
(12,9) (12,10) 27
(13,9) (13,10) 29
(14,9) (14,10) 5
(15,9) (15,10) 16
(16,9) (16,10) 86
(17,9) (17,10) 49
(18,9) (18,10) 71
(19,9) (19,10) 96
(20,9) (20,10) 8
(21,9) (21,10) 48
(22,9) (22,10) 14
(23,9) (23,10) 36
(24,9) (24,10) 61
(25,9) (25,10) 39
(26,9) (26,10) 67
(27,9) (27,10) 99
(28,9) (28,10) 51
(29,9) (29,10) 35
(30,9) (30,10) 34
(1,10) (1,11) 61
(2,10) (2,11) 20
(3,10) (3,11) 15
(4,10) (4,11) 72
(5,10) (5,11) 17
(6,10) (6,11) 14
(7,10) (7,11) 82
(8,10) (8,11) 40
(9,10) (9,11) 36
(10,10) (10,11) 99
(11,10) (11,11) 4
(12,10) (12,11) 35
(13,10) (13,11) 13
(14,10) (14,11) 46
(15,10) (15,11) 96
(16,10) (16,11) 61
(17,10) (17,11) 16
(18,10) (18,11) 58
(19,10) (19,11) 28
(20,10) (20,11) 46
(21,10) (21,11) 42
(22,10) (22,11) 78
(23,10) (23,11) 31
(24,10) (24,11) 73
(25,10) (25,11) 98
(26,10) (26,11) 59
(27,10) (27,11) 99
(28,10) (28,11) 48
(29,10) (29,11) 2
(30,10) (30,11) 79
(1,11) (1,12) 2
(2,11) (2,12) 1
(3,11) (3,12) 42
(4,11) (4,12) 43
(5,11) (5,12) 78
(6,11) (6,12) 26
(7,11) (7,12) 66
(8,11) (8,12) 64
(9,11) (9,12) 90
(10,11) (10,12) 97
(11,11) (11,12) 43
(12,11) (12,12) 6
(13,11) (13,12) 65
(14,11) (14,12) 78
(15,11) (15,12) 67
(16,11) (16,12) 5
(17,11) (17,12) 78
(18,11) (18,12) 49
(19,11) (19,12) 42
(20,11) (20,12) 57
(21,11) (21,12) 93
(22,11) (22,12) 75
(23,11) (23,12) 46
(24,11) (24,12) 5
(25,11) (25,12) 12
(26,11) (26,12) 17
(27,11) (27,12) 3
(28,11) (28,12) 72
(29,11) (29,12) 54
(30,11) (30,12) 93
(1,12) (1,13) 44
(2,12) (2,13) 5
(3,12) (3,13) 31
(4,12) (4,13) 78
(5,12) (5,13) 6
(6,12) (6,13) 78
(7,12) (7,13) 14
(8,12) (8,13) 3
(9,12) (9,13) 66
(10,12) (10,13) 56
(11,12) (11,13) 51
(12,12) (12,13) 40
(13,12) (13,13) 39
(14,12) (14,13) 38
(15,12) (15,13) 68
(16,12) (16,13) 2
(17,12) (17,13) 82
(18,12) (18,13) 47
(19,12) (19,13) 10
(20,12) (20,13) 24
(21,12) (21,13) 70
(22,12) (22,13) 93
(23,12) (23,13) 14
(24,12) (24,13) 90
(25,12) (25,13) 32
(26,12) (26,13) 96
(27,12) (27,13) 62
(28,12) (28,13) 10
(29,12) (29,13) 7
(30,12) (30,13) 100
(1,13) (1,14) 58
(2,13) (2,14) 65
(3,13) (3,14) 37
(4,13) (4,14) 69
(5,13) (5,14) 27
(6,13) (6,14) 37
(7,13) (7,14) 78
(8,13) (8,14) 81
(9,13) (9,14) 92
(10,13) (10,14) 21
(11,13) (11,14) 83
(12,13) (12,14) 44
(13,13) (13,14) 17
(14,13) (14,14) 59
(15,13) (15,14) 40
(16,13) (16,14) 31
(17,13) (17,14) 97
(18,13) (18,14) 63
(19,13) (19,14) 22
(20,13) (20,14) 77
(21,13) (21,14) 64
(22,13) (22,14) 20
(23,13) (23,14) 95
(24,13) (24,14) 20
(25,13) (25,14) 9
(26,13) (26,14) 4
(27,13) (27,14) 100
(28,13) (28,14) 85
(29,13) (29,14) 15
(30,13) (30,14) 95
(1,14) (1,15) 93
(2,14) (2,15) 24
(3,14) (3,15) 94
(4,14) (4,15) 37
(5,14) (5,15) 82
(6,14) (6,15) 62
(7,14) (7,15) 61
(8,14) (8,15) 10
(9,14) (9,15) 22
(10,14) (10,15) 64
(11,14) (11,15) 2
(12,14) (12,15) 36
(13,14) (13,15) 100
(14,14) (14,15) 38
(15,14) (15,15) 42
(16,14) (16,15) 9
(17,14) (17,15) 41
(18,14) (18,15) 5
(19,14) (19,15) 21
(20,14) (20,15) 62
(21,14) (21,15) 44
(22,14) (22,15) 11
(23,14) (23,15) 49
(24,14) (24,15) 87
(25,14) (25,15) 62
(26,14) (26,15) 65
(27,14) (27,15) 59
(28,14) (28,15) 8
(29,14) (29,15) 71
(30,14) (30,15) 33
(1,15) (1,16) 7
(2,15) (2,16) 82
(3,15) (3,16) 87
(4,15) (4,16) 66
(5,15) (5,16) 74
(6,15) (6,16) 16
(7,15) (7,16) 94
(8,15) (8,16) 6
(9,15) (9,16) 23
(10,15) (10,16) 69
(11,15) (11,16) 77
(12,15) (12,16) 52
(13,15) (13,16) 38
(14,15) (14,16) 7
(15,15) (15,16) 13
(16,15) (16,16) 94
(17,15) (17,16) 11
(18,15) (18,16) 49
(19,15) (19,16) 43
(20,15) (20,16) 61
(21,15) (21,16) 94
(22,15) (22,16) 6
(23,15) (23,16) 7
(24,15) (24,16) 72
(25,15) (25,16) 77
(26,15) (26,16) 23
(27,15) (27,16) 31
(28,15) (28,16) 92
(29,15) (29,16) 85
(30,15) (30,16) 83
(1,16) (1,17) 44
(2,16) (2,17) 15
(3,16) (3,17) 27
(4,16) (4,17) 21
(5,16) (5,17) 3
(6,16) (6,17) 60
(7,16) (7,17) 42
(8,16) (8,17) 74
(9,16) (9,17) 13
(10,16) (10,17) 2
(11,16) (11,17) 45
(12,16) (12,17) 30
(13,16) (13,17) 45
(14,16) (14,17) 83
(15,16) (15,17) 94
(16,16) (16,17) 70
(17,16) (17,17) 23
(18,16) (18,17) 70
(19,16) (19,17) 50
(20,16) (20,17) 60
(21,16) (21,17) 18
(22,16) (22,17) 94
(23,16) (23,17) 90
(24,16) (24,17) 64
(25,16) (25,17) 71
(26,16) (26,17) 1
(27,16) (27,17) 7
(28,16) (28,17) 2
(29,16) (29,17) 66
(30,16) (30,17) 25
(1,17) (1,18) 54
(2,17) (2,18) 28
(3,17) (3,18) 11
(4,17) (4,18) 81
(5,17) (5,18) 82
(6,17) (6,18) 77
(7,17) (7,18) 33
(8,17) (8,18) 1
(9,17) (9,18) 54
(10,17) (10,18) 52
(11,17) (11,18) 55
(12,17) (12,18) 85
(13,17) (13,18) 72
(14,17) (14,18) 37
(15,17) (15,18) 88
(16,17) (16,18) 83
(17,17) (17,18) 72
(18,17) (18,18) 58
(19,17) (19,18) 13
(20,17) (20,18) 91
(21,17) (21,18) 43
(22,17) (22,18) 51
(23,17) (23,18) 34
(24,17) (24,18) 68
(25,17) (25,18) 39
(26,17) (26,18) 31
(27,17) (27,18) 65
(28,17) (28,18) 22
(29,17) (29,18) 44
(30,17) (30,18) 41
(1,18) (1,19) 46
(2,18) (2,19) 48
(3,18) (3,19) 53
(4,18) (4,19) 88
(5,18) (5,19) 28
(6,18) (6,19) 24
(7,18) (7,19) 5
(8,18) (8,19) 19
(9,18) (9,19) 11
(10,18) (10,19) 65
(11,18) (11,19) 42
(12,18) (12,19) 85
(13,18) (13,19) 33
(14,18) (14,19) 21
(15,18) (15,19) 52
(16,18) (16,19) 93
(17,18) (17,19) 7
(18,18) (18,19) 35
(19,18) (19,19) 38
(20,18) (20,19) 62
(21,18) (21,19) 59
(22,18) (22,19) 16
(23,18) (23,19) 45
(24,18) (24,19) 100
(25,18) (25,19) 46
(26,18) (26,19) 71
(27,18) (27,19) 26
(28,18) (28,19) 99
(29,18) (29,19) 68
(30,18) (30,19) 11
(1,19) (1,20) 67
(2,19) (2,20) 76
(3,19) (3,20) 5
(4,19) (4,20) 34
(5,19) (5,20) 80
(6,19) (6,20) 93
(7,19) (7,20) 20
(8,19) (8,20) 11
(9,19) (9,20) 72
(10,19) (10,20) 93
(11,19) (11,20) 7
(12,19) (12,20) 84
(13,19) (13,20) 2
(14,19) (14,20) 34
(15,19) (15,20) 74
(16,19) (16,20) 34
(17,19) (17,20) 8
(18,19) (18,20) 56
(19,19) (19,20) 9
(20,19) (20,20) 23
(21,19) (21,20) 90
(22,19) (22,20) 43
(23,19) (23,20) 61
(24,19) (24,20) 59
(25,19) (25,20) 89
(26,19) (26,20) 44
(27,19) (27,20) 11
(28,19) (28,20) 67
(29,19) (29,20) 56
(30,19) (30,20) 85
(1,20) (1,21) 20
(2,20) (2,21) 19
(3,20) (3,21) 17
(4,20) (4,21) 55
(5,20) (5,21) 45
(6,20) (6,21) 77
(7,20) (7,21) 61
(8,20) (8,21) 66
(9,20) (9,21) 66
(10,20) (10,21) 23
(11,20) (11,21) 94
(12,20) (12,21) 56
(13,20) (13,21) 50
(14,20) (14,21) 50
(15,20) (15,21) 54
(16,20) (16,21) 34
(17,20) (17,21) 14
(18,20) (18,21) 58
(19,20) (19,21) 36
(20,20) (20,21) 32
(21,20) (21,21) 8
(22,20) (22,21) 63
(23,20) (23,21) 2
(24,20) (24,21) 4
(25,20) (25,21) 20
(26,20) (26,21) 41
(27,20) (27,21) 10
(28,20) (28,21) 55
(29,20) (29,21) 85
(30,20) (30,21) 24
(1,21) (1,22) 87
(2,21) (2,22) 96
(3,21) (3,22) 53
(4,21) (4,22) 6
(5,21) (5,22) 9
(6,21) (6,22) 10
(7,21) (7,22) 79
(8,21) (8,22) 11
(9,21) (9,22) 38
(10,21) (10,22) 88
(11,21) (11,22) 63
(12,21) (12,22) 16
(13,21) (13,22) 95
(14,21) (14,22) 8
(15,21) (15,22) 96
(16,21) (16,22) 60
(17,21) (17,22) 38
(18,21) (18,22) 78
(19,21) (19,22) 90
(20,21) (20,22) 39
(21,21) (21,22) 97
(22,21) (22,22) 34
(23,21) (23,22) 74
(24,21) (24,22) 16
(25,21) (25,22) 36
(26,21) (26,22) 34
(27,21) (27,22) 3
(28,21) (28,22) 18
(29,21) (29,22) 77
(30,21) (30,22) 93
(1,22) (1,23) 100
(2,22) (2,23) 55
(3,22) (3,23) 33
(4,22) (4,23) 25
(5,22) (5,23) 48
(6,22) (6,23) 22
(7,22) (7,23) 100
(8,22) (8,23) 96
(9,22) (9,23) 30
(10,22) (10,23) 95
(11,22) (11,23) 66
(12,22) (12,23) 14
(13,22) (13,23) 61
(14,22) (14,23) 29
(15,22) (15,23) 44
(16,22) (16,23) 32
(17,22) (17,23) 1
(18,22) (18,23) 68
(19,22) (19,23) 26
(20,22) (20,23) 40
(21,22) (21,23) 45
(22,22) (22,23) 65
(23,22) (23,23) 19
(24,22) (24,23) 90
(25,22) (25,23) 52
(26,22) (26,23) 44
(27,22) (27,23) 55
(28,22) (28,23) 23
(29,22) (29,23) 58
(30,22) (30,23) 81
(1,23) (1,24) 98
(2,23) (2,24) 9
(3,23) (3,24) 8
(4,23) (4,24) 63
(5,23) (5,24) 1
(6,23) (6,24) 71
(7,23) (7,24) 56
(8,23) (8,24) 5
(9,23) (9,24) 34
(10,23) (10,24) 43
(11,23) (11,24) 48
(12,23) (12,24) 65
(13,23) (13,24) 44
(14,23) (14,24) 13
(15,23) (15,24) 46
(16,23) (16,24) 27
(17,23) (17,24) 85
(18,23) (18,24) 66
(19,23) (19,24) 65
(20,23) (20,24) 80
(21,23) (21,24) 74
(22,23) (22,24) 87
(23,23) (23,24) 39
(24,23) (24,24) 22
(25,23) (25,24) 93
(26,23) (26,24) 73
(27,23) (27,24) 42
(28,23) (28,24) 37
(29,23) (29,24) 11
(30,23) (30,24) 22
(1,24) (1,25) 50
(2,24) (2,25) 31
(3,24) (3,25) 99
(4,24) (4,25) 89
(5,24) (5,25) 8
(6,24) (6,25) 75
(7,24) (7,25) 42
(8,24) (8,25) 94
(9,24) (9,25) 45
(10,24) (10,25) 27
(11,24) (11,25) 1
(12,24) (12,25) 86
(13,24) (13,25) 39
(14,24) (14,25) 70
(15,24) (15,25) 66
(16,24) (16,25) 59
(17,24) (17,25) 65
(18,24) (18,25) 70
(19,24) (19,25) 61
(20,24) (20,25) 53
(21,24) (21,25) 15
(22,24) (22,25) 31
(23,24) (23,25) 34
(24,24) (24,25) 36
(25,24) (25,25) 32
(26,24) (26,25) 100
(27,24) (27,25) 40
(28,24) (28,25) 61
(29,24) (29,25) 91
(30,24) (30,25) 26
(1,25) (1,26) 23
(2,25) (2,26) 84
(3,25) (3,26) 66
(4,25) (4,26) 31
(5,25) (5,26) 35
(6,25) (6,26) 20
(7,25) (7,26) 65
(8,25) (8,26) 69
(9,25) (9,26) 66
(10,25) (10,26) 43
(11,25) (11,26) 76
(12,25) (12,26) 46
(13,25) (13,26) 24
(14,25) (14,26) 12
(15,25) (15,26) 40
(16,25) (16,26) 60
(17,25) (17,26) 79
(18,25) (18,26) 91
(19,25) (19,26) 79
(20,25) (20,26) 85
(21,25) (21,26) 89
(22,25) (22,26) 64
(23,25) (23,26) 48
(24,25) (24,26) 57
(25,25) (25,26) 58
(26,25) (26,26) 61
(27,25) (27,26) 57
(28,25) (28,26) 39
(29,25) (29,26) 23
(30,25) (30,26) 46
(1,26) (1,27) 53
(2,26) (2,27) 91
(3,26) (3,27) 21
(4,26) (4,27) 23
(5,26) (5,27) 82
(6,26) (6,27) 26
(7,26) (7,27) 72
(8,26) (8,27) 65
(9,26) (9,27) 23
(10,26) (10,27) 25
(11,26) (11,27) 7
(12,26) (12,27) 13
(13,26) (13,27) 80
(14,26) (14,27) 64
(15,26) (15,27) 33
(16,26) (16,27) 74
(17,26) (17,27) 7
(18,26) (18,27) 65
(19,26) (19,27) 27
(20,26) (20,27) 22
(21,26) (21,27) 39
(22,26) (22,27) 21
(23,26) (23,27) 88
(24,26) (24,27) 49
(25,26) (25,27) 100
(26,26) (26,27) 98
(27,26) (27,27) 22
(28,26) (28,27) 74
(29,26) (29,27) 73
(30,26) (30,27) 69
(1,27) (1,28) 14
(2,27) (2,28) 50
(3,27) (3,28) 98
(4,27) (4,28) 40
(5,27) (5,28) 44
(6,27) (6,28) 7
(7,27) (7,28) 46
(8,27) (8,28) 44
(9,27) (9,28) 10
(10,27) (10,28) 10
(11,27) (11,28) 74
(12,27) (12,28) 37
(13,27) (13,28) 87
(14,27) (14,28) 49
(15,27) (15,28) 93
(16,27) (16,28) 93
(17,27) (17,28) 48
(18,27) (18,28) 81
(19,27) (19,28) 15
(20,27) (20,28) 79
(21,27) (21,28) 2
(22,27) (22,28) 15
(23,27) (23,28) 93
(24,27) (24,28) 30
(25,27) (25,28) 55
(26,27) (26,28) 62
(27,27) (27,28) 30
(28,27) (28,28) 23
(29,27) (29,28) 79
(30,27) (30,28) 58
(1,28) (1,29) 8
(2,28) (2,29) 88
(3,28) (3,29) 71
(4,28) (4,29) 48
(5,28) (5,29) 95
(6,28) (6,29) 77
(7,28) (7,29) 4
(8,28) (8,29) 55
(9,28) (9,29) 79
(10,28) (10,29) 69
(11,28) (11,29) 18
(12,28) (12,29) 61
(13,28) (13,29) 97
(14,28) (14,29) 98
(15,28) (15,29) 89
(16,28) (16,29) 42
(17,28) (17,29) 71
(18,28) (18,29) 26
(19,28) (19,29) 46
(20,28) (20,29) 95
(21,28) (21,29) 29
(22,28) (22,29) 32
(23,28) (23,29) 83
(24,28) (24,29) 23
(25,28) (25,29) 29
(26,28) (26,29) 95
(27,28) (27,29) 77
(28,28) (28,29) 13
(29,28) (29,29) 68
(30,28) (30,29) 26
(1,29) (1,30) 27
(2,29) (2,30) 97
(3,29) (3,30) 26
(4,29) (4,30) 100
(5,29) (5,30) 12
(6,29) (6,30) 100
(7,29) (7,30) 67
(8,29) (8,30) 3
(9,29) (9,30) 1
(10,29) (10,30) 91
(11,29) (11,30) 40
(12,29) (12,30) 84
(13,29) (13,30) 4
(14,29) (14,30) 23
(15,29) (15,30) 70
(16,29) (16,30) 49
(17,29) (17,30) 61
(18,29) (18,30) 49
(19,29) (19,30) 11
(20,29) (20,30) 15
(21,29) (21,30) 59
(22,29) (22,30) 17
(23,29) (23,30) 85
(24,29) (24,30) 15
(25,29) (25,30) 80
(26,29) (26,30) 81
(27,29) (27,30) 24
(28,29) (28,30) 97
(29,29) (29,30) 63
(30,29) (30,30) 96
(1,1) (2,1) 56
(2,1) (1,1) 65
(2,1) (3,1) 83
(3,1) (2,1) 80
(3,1) (4,1) 56
(4,1) (3,1) 74
(4,1) (5,1) 53
(5,1) (4,1) 33
(5,1) (6,1) 80
(6,1) (5,1) 4
(6,1) (7,1) 99
(7,1) (6,1) 68
(7,1) (8,1) 57
(8,1) (7,1) 98
(8,1) (9,1) 23
(9,1) (8,1) 16
(9,1) (10,1) 51
(10,1) (9,1) 73
(10,1) (11,1) 23
(11,1) (10,1) 97
(11,1) (12,1) 24
(12,1) (11,1) 100
(12,1) (13,1) 42
(13,1) (12,1) 79
(13,1) (14,1) 7
(14,1) (13,1) 92
(14,1) (15,1) 48
(15,1) (14,1) 65
(15,1) (16,1) 8
(16,1) (15,1) 56
(16,1) (17,1) 8
(17,1) (16,1) 48
(17,1) (18,1) 99
(18,1) (17,1) 19
(18,1) (19,1) 39
(19,1) (18,1) 74
(19,1) (20,1) 61
(20,1) (19,1) 10
(20,1) (21,1) 95
(21,1) (20,1) 57
(21,1) (22,1) 76
(22,1) (21,1) 18
(22,1) (23,1) 2
(23,1) (22,1) 73
(23,1) (24,1) 75
(24,1) (23,1) 46
(24,1) (25,1) 88
(25,1) (24,1) 88
(25,1) (26,1) 17
(26,1) (25,1) 86
(26,1) (27,1) 30
(27,1) (26,1) 10
(27,1) (28,1) 42
(28,1) (27,1) 92
(28,1) (29,1) 52
(29,1) (28,1) 1
(29,1) (30,1) 55
(30,1) (29,1) 16
(1,2) (2,2) 35
(2,2) (1,2) 8
(2,2) (3,2) 60
(3,2) (2,2) 79
(3,2) (4,2) 53
(4,2) (3,2) 69
(4,2) (5,2) 37
(5,2) (4,2) 68
(5,2) (6,2) 52
(6,2) (5,2) 3
(6,2) (7,2) 82
(7,2) (6,2) 96
(7,2) (8,2) 61
(8,2) (7,2) 38
(8,2) (9,2) 40
(9,2) (8,2) 88
(9,2) (10,2) 58
(10,2) (9,2) 6
(10,2) (11,2) 64
(11,2) (10,2) 93
(11,2) (12,2) 30
(12,2) (11,2) 59
(12,2) (13,2) 95
(13,2) (12,2) 20
(13,2) (14,2) 80
(14,2) (13,2) 29
(14,2) (15,2) 85
(15,2) (14,2) 24
(15,2) (16,2) 96
(16,2) (15,2) 90
(16,2) (17,2) 32
(17,2) (16,2) 41
(17,2) (18,2) 37
(18,2) (17,2) 21
(18,2) (19,2) 81
(19,2) (18,2) 71
(19,2) (20,2) 70
(20,2) (19,2) 39
(20,2) (21,2) 97
(21,2) (20,2) 12
(21,2) (22,2) 44
(22,2) (21,2) 4
(22,2) (23,2) 49
(23,2) (22,2) 7
(23,2) (24,2) 60
(24,2) (23,2) 85
(24,2) (25,2) 64
(25,2) (24,2) 98
(25,2) (26,2) 91
(26,2) (25,2) 68
(26,2) (27,2) 10
(27,2) (26,2) 47
(27,2) (28,2) 93
(28,2) (27,2) 49
(28,2) (29,2) 31
(29,2) (28,2) 31
(29,2) (30,2) 96
(30,2) (29,2) 81
(1,3) (2,3) 18
(2,3) (1,3) 96
(2,3) (3,3) 2
(3,3) (2,3) 28
(3,3) (4,3) 80
(4,3) (3,3) 33
(4,3) (5,3) 34
(5,3) (4,3) 97
(5,3) (6,3) 49
(6,3) (5,3) 8
(6,3) (7,3) 6
(7,3) (6,3) 37
(7,3) (8,3) 84
(8,3) (7,3) 59
(8,3) (9,3) 1
(9,3) (8,3) 97
(9,3) (10,3) 76
(10,3) (9,3) 40
(10,3) (11,3) 19
(11,3) (10,3) 2
(11,3) (12,3) 80
(12,3) (11,3) 40
(12,3) (13,3) 25
(13,3) (12,3) 46
(13,3) (14,3) 45
(14,3) (13,3) 20
(14,3) (15,3) 15
(15,3) (14,3) 66
(15,3) (16,3) 63
(16,3) (15,3) 68
(16,3) (17,3) 50
(17,3) (16,3) 74
(17,3) (18,3) 52
(18,3) (17,3) 79
(18,3) (19,3) 92
(19,3) (18,3) 14
(19,3) (20,3) 93
(20,3) (19,3) 59
(20,3) (21,3) 90
(21,3) (20,3) 35
(21,3) (22,3) 95
(22,3) (21,3) 65
(22,3) (23,3) 65
(23,3) (22,3) 65
(23,3) (24,3) 42
(24,3) (23,3) 98
(24,3) (25,3) 73
(25,3) (24,3) 16
(25,3) (26,3) 43
(26,3) (25,3) 67
(26,3) (27,3) 59
(27,3) (26,3) 17
(27,3) (28,3) 51
(28,3) (27,3) 83
(28,3) (29,3) 40
(29,3) (28,3) 93
(29,3) (30,3) 15
(30,3) (29,3) 71
(1,4) (2,4) 37
(2,4) (1,4) 2
(2,4) (3,4) 24
(3,4) (2,4) 5
(3,4) (4,4) 42
(4,4) (3,4) 65
(4,4) (5,4) 8
(5,4) (4,4) 78
(5,4) (6,4) 47
(6,4) (5,4) 35
(6,4) (7,4) 15
(7,4) (6,4) 3
(7,4) (8,4) 69
(8,4) (7,4) 23
(8,4) (9,4) 19
(9,4) (8,4) 79
(9,4) (10,4) 56
(10,4) (9,4) 18
(10,4) (11,4) 55
(11,4) (10,4) 84
(11,4) (12,4) 25
(12,4) (11,4) 67
(12,4) (13,4) 68
(13,4) (12,4) 39
(13,4) (14,4) 96
(14,4) (13,4) 10
(14,4) (15,4) 42
(15,4) (14,4) 37
(15,4) (16,4) 92
(16,4) (15,4) 52
(16,4) (17,4) 58
(17,4) (16,4) 76
(17,4) (18,4) 18
(18,4) (17,4) 92
(18,4) (19,4) 6
(19,4) (18,4) 44
(19,4) (20,4) 100
(20,4) (19,4) 10
(20,4) (21,4) 100
(21,4) (20,4) 40
(21,4) (22,4) 62
(22,4) (21,4) 9
(22,4) (23,4) 52
(23,4) (22,4) 97
(23,4) (24,4) 88
(24,4) (23,4) 38
(24,4) (25,4) 66
(25,4) (24,4) 37
(25,4) (26,4) 67
(26,4) (25,4) 47
(26,4) (27,4) 27
(27,4) (26,4) 24
(27,4) (28,4) 6
(28,4) (27,4) 98
(28,4) (29,4) 49
(29,4) (28,4) 29
(29,4) (30,4) 17
(30,4) (29,4) 65
(1,5) (2,5) 13
(2,5) (1,5) 100
(2,5) (3,5) 1
(3,5) (2,5) 96
(3,5) (4,5) 42
(4,5) (3,5) 21
(4,5) (5,5) 59
(5,5) (4,5) 98
(5,5) (6,5) 44
(6,5) (5,5) 88
(6,5) (7,5) 80
(7,5) (6,5) 51
(7,5) (8,5) 98
(8,5) (7,5) 86
(8,5) (9,5) 94
(9,5) (8,5) 38
(9,5) (10,5) 62
(10,5) (9,5) 73
(10,5) (11,5) 73
(11,5) (10,5) 35
(11,5) (12,5) 59
(12,5) (11,5) 13
(12,5) (13,5) 9
(13,5) (12,5) 6
(13,5) (14,5) 93
(14,5) (13,5) 24
(14,5) (15,5) 79
(15,5) (14,5) 20
(15,5) (16,5) 61
(16,5) (15,5) 32
(16,5) (17,5) 43
(17,5) (16,5) 94
(17,5) (18,5) 36
(18,5) (17,5) 39
(18,5) (19,5) 39
(19,5) (18,5) 84
(19,5) (20,5) 73
(20,5) (19,5) 68
(20,5) (21,5) 39
(21,5) (20,5) 42
(21,5) (22,5) 35
(22,5) (21,5) 57
(22,5) (23,5) 94
(23,5) (22,5) 70
(23,5) (24,5) 17
(24,5) (23,5) 28
(24,5) (25,5) 2
(25,5) (24,5) 83
(25,5) (26,5) 27
(26,5) (25,5) 48
(26,5) (27,5) 45
(27,5) (26,5) 27
(27,5) (28,5) 22
(28,5) (27,5) 41
(28,5) (29,5) 90
(29,5) (28,5) 93
(29,5) (30,5) 15
(30,5) (29,5) 11
(1,6) (2,6) 55
(2,6) (1,6) 29
(2,6) (3,6) 68
(3,6) (2,6) 37
(3,6) (4,6) 69
(4,6) (3,6) 17
(4,6) (5,6) 10
(5,6) (4,6) 50
(5,6) (6,6) 22
(6,6) (5,6) 100
(6,6) (7,6) 21
(7,6) (6,6) 49
(7,6) (8,6) 16
(8,6) (7,6) 61
(8,6) (9,6) 95
(9,6) (8,6) 91
(9,6) (10,6) 94
(10,6) (9,6) 79
(10,6) (11,6) 98
(11,6) (10,6) 62
(11,6) (12,6) 32
(12,6) (11,6) 24
(12,6) (13,6) 88
(13,6) (12,6) 4
(13,6) (14,6) 72
(14,6) (13,6) 49
(14,6) (15,6) 19
(15,6) (14,6) 9
(15,6) (16,6) 11
(16,6) (15,6) 57
(16,6) (17,6) 3
(17,6) (16,6) 50
(17,6) (18,6) 88
(18,6) (17,6) 10
(18,6) (19,6) 31
(19,6) (18,6) 64
(19,6) (20,6) 35
(20,6) (19,6) 45
(20,6) (21,6) 89
(21,6) (20,6) 21
(21,6) (22,6) 19
(22,6) (21,6) 17
(22,6) (23,6) 57
(23,6) (22,6) 74
(23,6) (24,6) 38
(24,6) (23,6) 28
(24,6) (25,6) 60
(25,6) (24,6) 62
(25,6) (26,6) 32
(26,6) (25,6) 81
(26,6) (27,6) 8
(27,6) (26,6) 91
(27,6) (28,6) 88
(28,6) (27,6) 61
(28,6) (29,6) 76
(29,6) (28,6) 23
(29,6) (30,6) 94
(30,6) (29,6) 1
(1,7) (2,7) 47
(2,7) (1,7) 78
(2,7) (3,7) 80
(3,7) (2,7) 6
(3,7) (4,7) 17
(4,7) (3,7) 15
(4,7) (5,7) 44
(5,7) (4,7) 30
(5,7) (6,7) 97
(6,7) (5,7) 17
(6,7) (7,7) 66
(7,7) (6,7) 24
(7,7) (8,7) 39
(8,7) (7,7) 40
(8,7) (9,7) 60
(9,7) (8,7) 62
(9,7) (10,7) 13
(10,7) (9,7) 81
(10,7) (11,7) 58
(11,7) (10,7) 21
(11,7) (12,7) 54
(12,7) (11,7) 99
(12,7) (13,7) 60
(13,7) (12,7) 32
(13,7) (14,7) 23
(14,7) (13,7) 40
(14,7) (15,7) 7
(15,7) (14,7) 70
(15,7) (16,7) 90
(16,7) (15,7) 68
(16,7) (17,7) 76
(17,7) (16,7) 84
(17,7) (18,7) 69
(18,7) (17,7) 28
(18,7) (19,7) 4
(19,7) (18,7) 88
(19,7) (20,7) 19
(20,7) (19,7) 12
(20,7) (21,7) 57
(21,7) (20,7) 34
(21,7) (22,7) 30
(22,7) (21,7) 15
(22,7) (23,7) 70
(23,7) (22,7) 88
(23,7) (24,7) 85
(24,7) (23,7) 88
(24,7) (25,7) 70
(25,7) (24,7) 35
(25,7) (26,7) 98
(26,7) (25,7) 47
(26,7) (27,7) 67
(27,7) (26,7) 25
(27,7) (28,7) 56
(28,7) (27,7) 24
(28,7) (29,7) 31
(29,7) (28,7) 1
(29,7) (30,7) 59
(30,7) (29,7) 84
(1,8) (2,8) 64
(2,8) (1,8) 87
(2,8) (3,8) 21
(3,8) (2,8) 95
(3,8) (4,8) 8
(4,8) (3,8) 65
(4,8) (5,8) 9
(5,8) (4,8) 59
(5,8) (6,8) 8
(6,8) (5,8) 19
(6,8) (7,8) 23
(7,8) (6,8) 11
(7,8) (8,8) 58
(8,8) (7,8) 69
(8,8) (9,8) 2
(9,8) (8,8) 83
(9,8) (10,8) 78
(10,8) (9,8) 10
(10,8) (11,8) 42
(11,8) (10,8) 8
(11,8) (12,8) 81
(12,8) (11,8) 77
(12,8) (13,8) 35
(13,8) (12,8) 23
(13,8) (14,8) 90
(14,8) (13,8) 40
(14,8) (15,8) 16
(15,8) (14,8) 11
(15,8) (16,8) 23
(16,8) (15,8) 35
(16,8) (17,8) 92
(17,8) (16,8) 20
(17,8) (18,8) 20
(18,8) (17,8) 12
(18,8) (19,8) 50
(19,8) (18,8) 80
(19,8) (20,8) 3
(20,8) (19,8) 37
(20,8) (21,8) 12
(21,8) (20,8) 18
(21,8) (22,8) 67
(22,8) (21,8) 19
(22,8) (23,8) 10
(23,8) (22,8) 66
(23,8) (24,8) 70
(24,8) (23,8) 15
(24,8) (25,8) 14
(25,8) (24,8) 16
(25,8) (26,8) 99
(26,8) (25,8) 75
(26,8) (27,8) 44
(27,8) (26,8) 19
(27,8) (28,8) 82
(28,8) (27,8) 76
(28,8) (29,8) 68
(29,8) (28,8) 54
(29,8) (30,8) 91
(30,8) (29,8) 41
(1,9) (2,9) 60
(2,9) (1,9) 55
(2,9) (3,9) 57
(3,9) (2,9) 35
(3,9) (4,9) 3
(4,9) (3,9) 20
(4,9) (5,9) 83
(5,9) (4,9) 25
(5,9) (6,9) 5
(6,9) (5,9) 88
(6,9) (7,9) 58
(7,9) (6,9) 47
(7,9) (8,9) 76
(8,9) (7,9) 62
(8,9) (9,9) 30
(9,9) (8,9) 28
(9,9) (10,9) 100
(10,9) (9,9) 4
(10,9) (11,9) 55
(11,9) (10,9) 89
(11,9) (12,9) 93
(12,9) (11,9) 47
(12,9) (13,9) 24
(13,9) (12,9) 93
(13,9) (14,9) 89
(14,9) (13,9) 7
(14,9) (15,9) 3
(15,9) (14,9) 78
(15,9) (16,9) 29
(16,9) (15,9) 11
(16,9) (17,9) 77
(17,9) (16,9) 78
(17,9) (18,9) 40
(18,9) (17,9) 64
(18,9) (19,9) 25
(19,9) (18,9) 28
(19,9) (20,9) 35
(20,9) (19,9) 48
(20,9) (21,9) 72
(21,9) (20,9) 29
(21,9) (22,9) 17
(22,9) (21,9) 25
(22,9) (23,9) 59
(23,9) (22,9) 32
(23,9) (24,9) 75
(24,9) (23,9) 70
(24,9) (25,9) 40
(25,9) (24,9) 54
(25,9) (26,9) 69
(26,9) (25,9) 50
(26,9) (27,9) 56
(27,9) (26,9) 10
(27,9) (28,9) 79
(28,9) (27,9) 64
(28,9) (29,9) 42
(29,9) (28,9) 37
(29,9) (30,9) 98
(30,9) (29,9) 100
(1,10) (2,10) 82
(2,10) (1,10) 46
(2,10) (3,10) 71
(3,10) (2,10) 60
(3,10) (4,10) 37
(4,10) (3,10) 54
(4,10) (5,10) 30
(5,10) (4,10) 99
(5,10) (6,10) 68
(6,10) (5,10) 46
(6,10) (7,10) 73
(7,10) (6,10) 79
(7,10) (8,10) 20
(8,10) (7,10) 70
(8,10) (9,10) 80
(9,10) (8,10) 5
(9,10) (10,10) 59
(10,10) (9,10) 71
(10,10) (11,10) 57
(11,10) (10,10) 23
(11,10) (12,10) 10
(12,10) (11,10) 84
(12,10) (13,10) 44
(13,10) (12,10) 22
(13,10) (14,10) 41
(14,10) (13,10) 91
(14,10) (15,10) 9
(15,10) (14,10) 6
(15,10) (16,10) 57
(16,10) (15,10) 67
(16,10) (17,10) 95
(17,10) (16,10) 24
(17,10) (18,10) 61
(18,10) (17,10) 13
(18,10) (19,10) 17
(19,10) (18,10) 91
(19,10) (20,10) 74
(20,10) (19,10) 4
(20,10) (21,10) 12
(21,10) (20,10) 98
(21,10) (22,10) 28
(22,10) (21,10) 66
(22,10) (23,10) 4
(23,10) (22,10) 41
(23,10) (24,10) 78
(24,10) (23,10) 98
(24,10) (25,10) 48
(25,10) (24,10) 3
(25,10) (26,10) 23
(26,10) (25,10) 80
(26,10) (27,10) 4
(27,10) (26,10) 37
(27,10) (28,10) 100
(28,10) (27,10) 100
(28,10) (29,10) 30
(29,10) (28,10) 66
(29,10) (30,10) 66
(30,10) (29,10) 75
(1,11) (2,11) 54
(2,11) (1,11) 10
(2,11) (3,11) 48
(3,11) (2,11) 39
(3,11) (4,11) 27
(4,11) (3,11) 4
(4,11) (5,11) 18
(5,11) (4,11) 89
(5,11) (6,11) 27
(6,11) (5,11) 32
(6,11) (7,11) 52
(7,11) (6,11) 6
(7,11) (8,11) 59
(8,11) (7,11) 3
(8,11) (9,11) 70
(9,11) (8,11) 43
(9,11) (10,11) 40
(10,11) (9,11) 32
(10,11) (11,11) 42
(11,11) (10,11) 38
(11,11) (12,11) 50
(12,11) (11,11) 99
(12,11) (13,11) 21
(13,11) (12,11) 47
(13,11) (14,11) 58
(14,11) (13,11) 23
(14,11) (15,11) 64
(15,11) (14,11) 20
(15,11) (16,11) 63
(16,11) (15,11) 48
(16,11) (17,11) 55
(17,11) (16,11) 74
(17,11) (18,11) 82
(18,11) (17,11) 8
(18,11) (19,11) 11
(19,11) (18,11) 92
(19,11) (20,11) 84
(20,11) (19,11) 89
(20,11) (21,11) 83
(21,11) (20,11) 9
(21,11) (22,11) 90
(22,11) (21,11) 93
(22,11) (23,11) 8
(23,11) (22,11) 74
(23,11) (24,11) 15
(24,11) (23,11) 56
(24,11) (25,11) 55
(25,11) (24,11) 46
(25,11) (26,11) 69
(26,11) (25,11) 66
(26,11) (27,11) 2
(27,11) (26,11) 95
(27,11) (28,11) 45
(28,11) (27,11) 37
(28,11) (29,11) 95
(29,11) (28,11) 46
(29,11) (30,11) 71
(30,11) (29,11) 43
(1,12) (2,12) 1
(2,12) (1,12) 26
(2,12) (3,12) 55
(3,12) (2,12) 98
(3,12) (4,12) 71
(4,12) (3,12) 89
(4,12) (5,12) 13
(5,12) (4,12) 99
(5,12) (6,12) 79
(6,12) (5,12) 20
(6,12) (7,12) 76
(7,12) (6,12) 2
(7,12) (8,12) 82
(8,12) (7,12) 78
(8,12) (9,12) 1
(9,12) (8,12) 56
(9,12) (10,12) 70
(10,12) (9,12) 61
(10,12) (11,12) 12
(11,12) (10,12) 15
(11,12) (12,12) 89
(12,12) (11,12) 18
(12,12) (13,12) 79
(13,12) (12,12) 72
(13,12) (14,12) 43
(14,12) (13,12) 3
(14,12) (15,12) 79
(15,12) (14,12) 57
(15,12) (16,12) 88
(16,12) (15,12) 30
(16,12) (17,12) 93
(17,12) (16,12) 42
(17,12) (18,12) 41
(18,12) (17,12) 64
(18,12) (19,12) 6
(19,12) (18,12) 55
(19,12) (20,12) 60
(20,12) (19,12) 63
(20,12) (21,12) 48
(21,12) (20,12) 33
(21,12) (22,12) 67
(22,12) (21,12) 66
(22,12) (23,12) 92
(23,12) (22,12) 54
(23,12) (24,12) 73
(24,12) (23,12) 83
(24,12) (25,12) 44
(25,12) (24,12) 33
(25,12) (26,12) 93
(26,12) (25,12) 71
(26,12) (27,12) 77
(27,12) (26,12) 19
(27,12) (28,12) 30
(28,12) (27,12) 15
(28,12) (29,12) 95
(29,12) (28,12) 89
(29,12) (30,12) 88
(30,12) (29,12) 27
(1,13) (2,13) 38
(2,13) (1,13) 48
(2,13) (3,13) 31
(3,13) (2,13) 81
(3,13) (4,13) 86
(4,13) (3,13) 31
(4,13) (5,13) 84
(5,13) (4,13) 7
(5,13) (6,13) 15
(6,13) (5,13) 15
(6,13) (7,13) 65
(7,13) (6,13) 1
(7,13) (8,13) 94
(8,13) (7,13) 27
(8,13) (9,13) 52
(9,13) (8,13) 69
(9,13) (10,13) 7
(10,13) (9,13) 56
(10,13) (11,13) 6
(11,13) (10,13) 65
(11,13) (12,13) 59
(12,13) (11,13) 57
(12,13) (13,13) 46
(13,13) (12,13) 37
(13,13) (14,13) 60
(14,13) (13,13) 93
(14,13) (15,13) 60
(15,13) (14,13) 14
(15,13) (16,13) 48
(16,13) (15,13) 70
(16,13) (17,13) 34
(17,13) (16,13) 51
(17,13) (18,13) 63
(18,13) (17,13) 16
(18,13) (19,13) 30
(19,13) (18,13) 74
(19,13) (20,13) 13
(20,13) (19,13) 88
(20,13) (21,13) 47
(21,13) (20,13) 27
(21,13) (22,13) 3
(22,13) (21,13) 42
(22,13) (23,13) 22
(23,13) (22,13) 10
(23,13) (24,13) 71
(24,13) (23,13) 76
(24,13) (25,13) 26
(25,13) (24,13) 74
(25,13) (26,13) 47
(26,13) (25,13) 93
(26,13) (27,13) 67
(27,13) (26,13) 31
(27,13) (28,13) 95
(28,13) (27,13) 76
(28,13) (29,13) 24
(29,13) (28,13) 60
(29,13) (30,13) 59
(30,13) (29,13) 87
(1,14) (2,14) 17
(2,14) (1,14) 18
(2,14) (3,14) 15
(3,14) (2,14) 7
(3,14) (4,14) 20
(4,14) (3,14) 15
(4,14) (5,14) 50
(5,14) (4,14) 35
(5,14) (6,14) 47
(6,14) (5,14) 30
(6,14) (7,14) 50
(7,14) (6,14) 13
(7,14) (8,14) 90
(8,14) (7,14) 48
(8,14) (9,14) 42
(9,14) (8,14) 9
(9,14) (10,14) 31
(10,14) (9,14) 34
(10,14) (11,14) 92
(11,14) (10,14) 62
(11,14) (12,14) 48
(12,14) (11,14) 34
(12,14) (13,14) 38
(13,14) (12,14) 58
(13,14) (14,14) 66
(14,14) (13,14) 82
(14,14) (15,14) 67
(15,14) (14,14) 54
(15,14) (16,14) 4
(16,14) (15,14) 71
(16,14) (17,14) 95
(17,14) (16,14) 15
(17,14) (18,14) 59
(18,14) (17,14) 32
(18,14) (19,14) 75
(19,14) (18,14) 31
(19,14) (20,14) 59
(20,14) (19,14) 46
(20,14) (21,14) 63
(21,14) (20,14) 12
(21,14) (22,14) 20
(22,14) (21,14) 68
(22,14) (23,14) 94
(23,14) (22,14) 12
(23,14) (24,14) 12
(24,14) (23,14) 14
(24,14) (25,14) 36
(25,14) (24,14) 11
(25,14) (26,14) 12
(26,14) (25,14) 94
(26,14) (27,14) 44
(27,14) (26,14) 49
(27,14) (28,14) 95
(28,14) (27,14) 91
(28,14) (29,14) 93
(29,14) (28,14) 96
(29,14) (30,14) 94
(30,14) (29,14) 12
(1,15) (2,15) 83
(2,15) (1,15) 50
(2,15) (3,15) 26
(3,15) (2,15) 49
(3,15) (4,15) 23
(4,15) (3,15) 79
(4,15) (5,15) 16
(5,15) (4,15) 55
(5,15) (6,15) 36
(6,15) (5,15) 99
(6,15) (7,15) 34
(7,15) (6,15) 38
(7,15) (8,15) 85
(8,15) (7,15) 19
(8,15) (9,15) 32
(9,15) (8,15) 25
(9,15) (10,15) 80
(10,15) (9,15) 23
(10,15) (11,15) 82
(11,15) (10,15) 60
(11,15) (12,15) 56
(12,15) (11,15) 27
(12,15) (13,15) 22
(13,15) (12,15) 49
(13,15) (14,15) 95
(14,15) (13,15) 79
(14,15) (15,15) 22
(15,15) (14,15) 38
(15,15) (16,15) 84
(16,15) (15,15) 57
(16,15) (17,15) 11
(17,15) (16,15) 32
(17,15) (18,15) 88
(18,15) (17,15) 41
(18,15) (19,15) 81
(19,15) (18,15) 42
(19,15) (20,15) 92
(20,15) (19,15) 25
(20,15) (21,15) 78
(21,15) (20,15) 24
(21,15) (22,15) 2
(22,15) (21,15) 63
(22,15) (23,15) 63
(23,15) (22,15) 65
(23,15) (24,15) 89
(24,15) (23,15) 65
(24,15) (25,15) 79
(25,15) (24,15) 72
(25,15) (26,15) 40
(26,15) (25,15) 67
(26,15) (27,15) 27
(27,15) (26,15) 76
(27,15) (28,15) 100
(28,15) (27,15) 75
(28,15) (29,15) 11
(29,15) (28,15) 64
(29,15) (30,15) 85
(30,15) (29,15) 50
(1,16) (2,16) 33
(2,16) (1,16) 67
(2,16) (3,16) 50
(3,16) (2,16) 99
(3,16) (4,16) 44
(4,16) (3,16) 11
(4,16) (5,16) 21
(5,16) (4,16) 30
(5,16) (6,16) 13
(6,16) (5,16) 73
(6,16) (7,16) 55
(7,16) (6,16) 4
(7,16) (8,16) 31
(8,16) (7,16) 73
(8,16) (9,16) 33
(9,16) (8,16) 66
(9,16) (10,16) 90
(10,16) (9,16) 53
(10,16) (11,16) 31
(11,16) (10,16) 56
(11,16) (12,16) 80
(12,16) (11,16) 13
(12,16) (13,16) 83
(13,16) (12,16) 51
(13,16) (14,16) 52
(14,16) (13,16) 65
(14,16) (15,16) 78
(15,16) (14,16) 82
(15,16) (16,16) 100
(16,16) (15,16) 70
(16,16) (17,16) 55
(17,16) (16,16) 50
(17,16) (18,16) 98
(18,16) (17,16) 46
(18,16) (19,16) 5
(19,16) (18,16) 17
(19,16) (20,16) 79
(20,16) (19,16) 7
(20,16) (21,16) 86
(21,16) (20,16) 23
(21,16) (22,16) 15
(22,16) (21,16) 100
(22,16) (23,16) 98
(23,16) (22,16) 12
(23,16) (24,16) 78
(24,16) (23,16) 77
(24,16) (25,16) 6
(25,16) (24,16) 69
(25,16) (26,16) 24
(26,16) (25,16) 84
(26,16) (27,16) 75
(27,16) (26,16) 65
(27,16) (28,16) 85
(28,16) (27,16) 69
(28,16) (29,16) 99
(29,16) (28,16) 100
(29,16) (30,16) 40
(30,16) (29,16) 82
(1,17) (2,17) 91
(2,17) (1,17) 49
(2,17) (3,17) 41
(3,17) (2,17) 100
(3,17) (4,17) 8
(4,17) (3,17) 80
(4,17) (5,17) 22
(5,17) (4,17) 31
(5,17) (6,17) 67
(6,17) (5,17) 55
(6,17) (7,17) 19
(7,17) (6,17) 100
(7,17) (8,17) 7
(8,17) (7,17) 41
(8,17) (9,17) 18
(9,17) (8,17) 29
(9,17) (10,17) 5
(10,17) (9,17) 26
(10,17) (11,17) 94
(11,17) (10,17) 65
(11,17) (12,17) 76
(12,17) (11,17) 8
(12,17) (13,17) 73
(13,17) (12,17) 8
(13,17) (14,17) 33
(14,17) (13,17) 97
(14,17) (15,17) 25
(15,17) (14,17) 43
(15,17) (16,17) 14
(16,17) (15,17) 26
(16,17) (17,17) 59
(17,17) (16,17) 36
(17,17) (18,17) 30
(18,17) (17,17) 66
(18,17) (19,17) 94
(19,17) (18,17) 85
(19,17) (20,17) 52
(20,17) (19,17) 8
(20,17) (21,17) 88
(21,17) (20,17) 9
(21,17) (22,17) 85
(22,17) (21,17) 14
(22,17) (23,17) 100
(23,17) (22,17) 9
(23,17) (24,17) 61
(24,17) (23,17) 35
(24,17) (25,17) 11
(25,17) (24,17) 62
(25,17) (26,17) 66
(26,17) (25,17) 24
(26,17) (27,17) 33
(27,17) (26,17) 79
(27,17) (28,17) 24
(28,17) (27,17) 90
(28,17) (29,17) 56
(29,17) (28,17) 83
(29,17) (30,17) 88
(30,17) (29,17) 83
(1,18) (2,18) 56
(2,18) (1,18) 79
(2,18) (3,18) 88
(3,18) (2,18) 32
(3,18) (4,18) 67
(4,18) (3,18) 72
(4,18) (5,18) 9
(5,18) (4,18) 43
(5,18) (6,18) 92
(6,18) (5,18) 29
(6,18) (7,18) 92
(7,18) (6,18) 90
(7,18) (8,18) 29
(8,18) (7,18) 22
(8,18) (9,18) 51
(9,18) (8,18) 76
(9,18) (10,18) 18
(10,18) (9,18) 74
(10,18) (11,18) 19
(11,18) (10,18) 59
(11,18) (12,18) 38
(12,18) (11,18) 85
(12,18) (13,18) 83
(13,18) (12,18) 8
(13,18) (14,18) 58
(14,18) (13,18) 47
(14,18) (15,18) 12
(15,18) (14,18) 52
(15,18) (16,18) 33
(16,18) (15,18) 34
(16,18) (17,18) 49
(17,18) (16,18) 39
(17,18) (18,18) 58
(18,18) (17,18) 2
(18,18) (19,18) 71
(19,18) (18,18) 63
(19,18) (20,18) 58
(20,18) (19,18) 80
(20,18) (21,18) 34
(21,18) (20,18) 26
(21,18) (22,18) 69
(22,18) (21,18) 89
(22,18) (23,18) 34
(23,18) (22,18) 57
(23,18) (24,18) 28
(24,18) (23,18) 73
(24,18) (25,18) 48
(25,18) (24,18) 23
(25,18) (26,18) 53
(26,18) (25,18) 84
(26,18) (27,18) 73
(27,18) (26,18) 78
(27,18) (28,18) 98
(28,18) (27,18) 87
(28,18) (29,18) 65
(29,18) (28,18) 41
(29,18) (30,18) 25
(30,18) (29,18) 88
(1,19) (2,19) 82
(2,19) (1,19) 21
(2,19) (3,19) 57
(3,19) (2,19) 21
(3,19) (4,19) 60
(4,19) (3,19) 17
(4,19) (5,19) 19
(5,19) (4,19) 44
(5,19) (6,19) 77
(6,19) (5,19) 78
(6,19) (7,19) 64
(7,19) (6,19) 85
(7,19) (8,19) 54
(8,19) (7,19) 29
(8,19) (9,19) 82
(9,19) (8,19) 72
(9,19) (10,19) 88
(10,19) (9,19) 74
(10,19) (11,19) 55
(11,19) (10,19) 65
(11,19) (12,19) 93
(12,19) (11,19) 42
(12,19) (13,19) 13
(13,19) (12,19) 90
(13,19) (14,19) 96
(14,19) (13,19) 39
(14,19) (15,19) 20
(15,19) (14,19) 88
(15,19) (16,19) 72
(16,19) (15,19) 62
(16,19) (17,19) 46
(17,19) (16,19) 54
(17,19) (18,19) 5
(18,19) (17,19) 39
(18,19) (19,19) 64
(19,19) (18,19) 92
(19,19) (20,19) 9
(20,19) (19,19) 50
(20,19) (21,19) 19
(21,19) (20,19) 40
(21,19) (22,19) 33
(22,19) (21,19) 79
(22,19) (23,19) 66
(23,19) (22,19) 7
(23,19) (24,19) 80
(24,19) (23,19) 59
(24,19) (25,19) 47
(25,19) (24,19) 58
(25,19) (26,19) 10
(26,19) (25,19) 13
(26,19) (27,19) 18
(27,19) (26,19) 27
(27,19) (28,19) 6
(28,19) (27,19) 100
(28,19) (29,19) 30
(29,19) (28,19) 24
(29,19) (30,19) 3
(30,19) (29,19) 27
(1,20) (2,20) 27
(2,20) (1,20) 72
(2,20) (3,20) 100
(3,20) (2,20) 98
(3,20) (4,20) 44
(4,20) (3,20) 50
(4,20) (5,20) 10
(5,20) (4,20) 75
(5,20) (6,20) 37
(6,20) (5,20) 2
(6,20) (7,20) 87
(7,20) (6,20) 88
(7,20) (8,20) 62
(8,20) (7,20) 50
(8,20) (9,20) 8
(9,20) (8,20) 100
(9,20) (10,20) 67
(10,20) (9,20) 94
(10,20) (11,20) 6
(11,20) (10,20) 4
(11,20) (12,20) 57
(12,20) (11,20) 80
(12,20) (13,20) 58
(13,20) (12,20) 41
(13,20) (14,20) 22
(14,20) (13,20) 16
(14,20) (15,20) 79
(15,20) (14,20) 72
(15,20) (16,20) 16
(16,20) (15,20) 23
(16,20) (17,20) 46
(17,20) (16,20) 42
(17,20) (18,20) 35
(18,20) (17,20) 99
(18,20) (19,20) 56
(19,20) (18,20) 6
(19,20) (20,20) 9
(20,20) (19,20) 15
(20,20) (21,20) 44
(21,20) (20,20) 28
(21,20) (22,20) 69
(22,20) (21,20) 37
(22,20) (23,20) 3
(23,20) (22,20) 93
(23,20) (24,20) 100
(24,20) (23,20) 18
(24,20) (25,20) 21
(25,20) (24,20) 65
(25,20) (26,20) 16
(26,20) (25,20) 38
(26,20) (27,20) 98
(27,20) (26,20) 13
(27,20) (28,20) 66
(28,20) (27,20) 25
(28,20) (29,20) 62
(29,20) (28,20) 43
(29,20) (30,20) 22
(30,20) (29,20) 46
(1,21) (2,21) 68
(2,21) (1,21) 79
(2,21) (3,21) 23
(3,21) (2,21) 34
(3,21) (4,21) 5
(4,21) (3,21) 48
(4,21) (5,21) 94
(5,21) (4,21) 13
(5,21) (6,21) 41
(6,21) (5,21) 27
(6,21) (7,21) 68
(7,21) (6,21) 62
(7,21) (8,21) 87
(8,21) (7,21) 32
(8,21) (9,21) 3
(9,21) (8,21) 80
(9,21) (10,21) 37
(10,21) (9,21) 68
(10,21) (11,21) 1
(11,21) (10,21) 1
(11,21) (12,21) 36
(12,21) (11,21) 56
(12,21) (13,21) 81
(13,21) (12,21) 62
(13,21) (14,21) 13
(14,21) (13,21) 32
(14,21) (15,21) 76
(15,21) (14,21) 2
(15,21) (16,21) 50
(16,21) (15,21) 34
(16,21) (17,21) 47
(17,21) (16,21) 18
(17,21) (18,21) 40
(18,21) (17,21) 90
(18,21) (19,21) 67
(19,21) (18,21) 86
(19,21) (20,21) 65
(20,21) (19,21) 92
(20,21) (21,21) 1
(21,21) (20,21) 29
(21,21) (22,21) 3
(22,21) (21,21) 50
(22,21) (23,21) 69
(23,21) (22,21) 69
(23,21) (24,21) 63
(24,21) (23,21) 72
(24,21) (25,21) 52
(25,21) (24,21) 30
(25,21) (26,21) 5
(26,21) (25,21) 89
(26,21) (27,21) 65
(27,21) (26,21) 63
(27,21) (28,21) 17
(28,21) (27,21) 26
(28,21) (29,21) 9
(29,21) (28,21) 44
(29,21) (30,21) 59
(30,21) (29,21) 99
(1,22) (2,22) 65
(2,22) (1,22) 22
(2,22) (3,22) 72
(3,22) (2,22) 28
(3,22) (4,22) 1
(4,22) (3,22) 64
(4,22) (5,22) 44
(5,22) (4,22) 30
(5,22) (6,22) 8
(6,22) (5,22) 42
(6,22) (7,22) 37
(7,22) (6,22) 14
(7,22) (8,22) 71
(8,22) (7,22) 73
(8,22) (9,22) 14
(9,22) (8,22) 34
(9,22) (10,22) 40
(10,22) (9,22) 19
(10,22) (11,22) 37
(11,22) (10,22) 20
(11,22) (12,22) 3
(12,22) (11,22) 5
(12,22) (13,22) 19
(13,22) (12,22) 32
(13,22) (14,22) 92
(14,22) (13,22) 19
(14,22) (15,22) 76
(15,22) (14,22) 66
(15,22) (16,22) 48
(16,22) (15,22) 42
(16,22) (17,22) 76
(17,22) (16,22) 37
(17,22) (18,22) 79
(18,22) (17,22) 54
(18,22) (19,22) 18
(19,22) (18,22) 75
(19,22) (20,22) 7
(20,22) (19,22) 80
(20,22) (21,22) 28
(21,22) (20,22) 37
(21,22) (22,22) 86
(22,22) (21,22) 11
(22,22) (23,22) 65
(23,22) (22,22) 68
(23,22) (24,22) 70
(24,22) (23,22) 91
(24,22) (25,22) 65
(25,22) (24,22) 70
(25,22) (26,22) 93
(26,22) (25,22) 58
(26,22) (27,22) 24
(27,22) (26,22) 39
(27,22) (28,22) 77
(28,22) (27,22) 43
(28,22) (29,22) 90
(29,22) (28,22) 49
(29,22) (30,22) 26
(30,22) (29,22) 49
(1,23) (2,23) 98
(2,23) (1,23) 78
(2,23) (3,23) 67
(3,23) (2,23) 30
(3,23) (4,23) 63
(4,23) (3,23) 34
(4,23) (5,23) 12
(5,23) (4,23) 33
(5,23) (6,23) 47
(6,23) (5,23) 75
(6,23) (7,23) 73
(7,23) (6,23) 41
(7,23) (8,23) 40
(8,23) (7,23) 93
(8,23) (9,23) 65
(9,23) (8,23) 52
(9,23) (10,23) 89
(10,23) (9,23) 64
(10,23) (11,23) 6
(11,23) (10,23) 73
(11,23) (12,23) 66
(12,23) (11,23) 36
(12,23) (13,23) 64
(13,23) (12,23) 34
(13,23) (14,23) 96
(14,23) (13,23) 90
(14,23) (15,23) 77
(15,23) (14,23) 97
(15,23) (16,23) 55
(16,23) (15,23) 29
(16,23) (17,23) 71
(17,23) (16,23) 21
(17,23) (18,23) 82
(18,23) (17,23) 7
(18,23) (19,23) 66
(19,23) (18,23) 22
(19,23) (20,23) 65
(20,23) (19,23) 62
(20,23) (21,23) 58
(21,23) (20,23) 51
(21,23) (22,23) 23
(22,23) (21,23) 57
(22,23) (23,23) 80
(23,23) (22,23) 49
(23,23) (24,23) 60
(24,23) (23,23) 57
(24,23) (25,23) 37
(25,23) (24,23) 81
(25,23) (26,23) 22
(26,23) (25,23) 47
(26,23) (27,23) 84
(27,23) (26,23) 25
(27,23) (28,23) 43
(28,23) (27,23) 72
(28,23) (29,23) 97
(29,23) (28,23) 23
(29,23) (30,23) 61
(30,23) (29,23) 100
(1,24) (2,24) 76
(2,24) (1,24) 35
(2,24) (3,24) 26
(3,24) (2,24) 26
(3,24) (4,24) 80
(4,24) (3,24) 16
(4,24) (5,24) 33
(5,24) (4,24) 9
(5,24) (6,24) 84
(6,24) (5,24) 55
(6,24) (7,24) 18
(7,24) (6,24) 9
(7,24) (8,24) 35
(8,24) (7,24) 57
(8,24) (9,24) 23
(9,24) (8,24) 61
(9,24) (10,24) 72
(10,24) (9,24) 15
(10,24) (11,24) 87
(11,24) (10,24) 6
(11,24) (12,24) 87
(12,24) (11,24) 23
(12,24) (13,24) 43
(13,24) (12,24) 36
(13,24) (14,24) 23
(14,24) (13,24) 80
(14,24) (15,24) 21
(15,24) (14,24) 72
(15,24) (16,24) 64
(16,24) (15,24) 70
(16,24) (17,24) 76
(17,24) (16,24) 30
(17,24) (18,24) 45
(18,24) (17,24) 65
(18,24) (19,24) 99
(19,24) (18,24) 54
(19,24) (20,24) 99
(20,24) (19,24) 22
(20,24) (21,24) 6
(21,24) (20,24) 39
(21,24) (22,24) 22
(22,24) (21,24) 82
(22,24) (23,24) 94
(23,24) (22,24) 95
(23,24) (24,24) 97
(24,24) (23,24) 14
(24,24) (25,24) 30
(25,24) (24,24) 66
(25,24) (26,24) 96
(26,24) (25,24) 62
(26,24) (27,24) 46
(27,24) (26,24) 78
(27,24) (28,24) 53
(28,24) (27,24) 5
(28,24) (29,24) 20
(29,24) (28,24) 64
(29,24) (30,24) 80
(30,24) (29,24) 10
(1,25) (2,25) 59
(2,25) (1,25) 94
(2,25) (3,25) 70
(3,25) (2,25) 27
(3,25) (4,25) 80
(4,25) (3,25) 44
(4,25) (5,25) 33
(5,25) (4,25) 79
(5,25) (6,25) 25
(6,25) (5,25) 16
(6,25) (7,25) 65
(7,25) (6,25) 86
(7,25) (8,25) 44
(8,25) (7,25) 2
(8,25) (9,25) 95
(9,25) (8,25) 85
(9,25) (10,25) 9
(10,25) (9,25) 65
(10,25) (11,25) 11
(11,25) (10,25) 43
(11,25) (12,25) 72
(12,25) (11,25) 62
(12,25) (13,25) 1
(13,25) (12,25) 32
(13,25) (14,25) 1
(14,25) (13,25) 50
(14,25) (15,25) 64
(15,25) (14,25) 59
(15,25) (16,25) 74
(16,25) (15,25) 99
(16,25) (17,25) 42
(17,25) (16,25) 31
(17,25) (18,25) 71
(18,25) (17,25) 28
(18,25) (19,25) 5
(19,25) (18,25) 40
(19,25) (20,25) 81
(20,25) (19,25) 54
(20,25) (21,25) 76
(21,25) (20,25) 13
(21,25) (22,25) 69
(22,25) (21,25) 88
(22,25) (23,25) 74
(23,25) (22,25) 72
(23,25) (24,25) 50
(24,25) (23,25) 17
(24,25) (25,25) 48
(25,25) (24,25) 81
(25,25) (26,25) 94
(26,25) (25,25) 2
(26,25) (27,25) 16
(27,25) (26,25) 19
(27,25) (28,25) 77
(28,25) (27,25) 6
(28,25) (29,25) 94
(29,25) (28,25) 51
(29,25) (30,25) 76
(30,25) (29,25) 35
(1,26) (2,26) 64
(2,26) (1,26) 18
(2,26) (3,26) 32
(3,26) (2,26) 32
(3,26) (4,26) 22
(4,26) (3,26) 19
(4,26) (5,26) 95
(5,26) (4,26) 88
(5,26) (6,26) 34
(6,26) (5,26) 16
(6,26) (7,26) 92
(7,26) (6,26) 39
(7,26) (8,26) 65
(8,26) (7,26) 83
(8,26) (9,26) 64
(9,26) (8,26) 86
(9,26) (10,26) 79
(10,26) (9,26) 93
(10,26) (11,26) 69
(11,26) (10,26) 81
(11,26) (12,26) 100
(12,26) (11,26) 89
(12,26) (13,26) 94
(13,26) (12,26) 42
(13,26) (14,26) 66
(14,26) (13,26) 30
(14,26) (15,26) 30
(15,26) (14,26) 77
(15,26) (16,26) 92
(16,26) (15,26) 92
(16,26) (17,26) 2
(17,26) (16,26) 24
(17,26) (18,26) 74
(18,26) (17,26) 2
(18,26) (19,26) 30
(19,26) (18,26) 64
(19,26) (20,26) 20
(20,26) (19,26) 86
(20,26) (21,26) 60
(21,26) (20,26) 5
(21,26) (22,26) 21
(22,26) (21,26) 4
(22,26) (23,26) 16
(23,26) (22,26) 99
(23,26) (24,26) 88
(24,26) (23,26) 33
(24,26) (25,26) 31
(25,26) (24,26) 99
(25,26) (26,26) 98
(26,26) (25,26) 80
(26,26) (27,26) 59
(27,26) (26,26) 14
(27,26) (28,26) 20
(28,26) (27,26) 83
(28,26) (29,26) 69
(29,26) (28,26) 73
(29,26) (30,26) 84
(30,26) (29,26) 25
(1,27) (2,27) 2
(2,27) (1,27) 29
(2,27) (3,27) 46
(3,27) (2,27) 63
(3,27) (4,27) 20
(4,27) (3,27) 65
(4,27) (5,27) 16
(5,27) (4,27) 69
(5,27) (6,27) 41
(6,27) (5,27) 31
(6,27) (7,27) 91
(7,27) (6,27) 64
(7,27) (8,27) 90
(8,27) (7,27) 3
(8,27) (9,27) 51
(9,27) (8,27) 70
(9,27) (10,27) 77
(10,27) (9,27) 4
(10,27) (11,27) 82
(11,27) (10,27) 66
(11,27) (12,27) 93
(12,27) (11,27) 97
(12,27) (13,27) 100
(13,27) (12,27) 85
(13,27) (14,27) 99
(14,27) (13,27) 52
(14,27) (15,27) 63
(15,27) (14,27) 66
(15,27) (16,27) 3
(16,27) (15,27) 67
(16,27) (17,27) 6
(17,27) (16,27) 95
(17,27) (18,27) 25
(18,27) (17,27) 31
(18,27) (19,27) 45
(19,27) (18,27) 36
(19,27) (20,27) 90
(20,27) (19,27) 58
(20,27) (21,27) 96
(21,27) (20,27) 94
(21,27) (22,27) 63
(22,27) (21,27) 88
(22,27) (23,27) 32
(23,27) (22,27) 72
(23,27) (24,27) 52
(24,27) (23,27) 78
(24,27) (25,27) 22
(25,27) (24,27) 46
(25,27) (26,27) 39
(26,27) (25,27) 88
(26,27) (27,27) 63
(27,27) (26,27) 28
(27,27) (28,27) 32
(28,27) (27,27) 58
(28,27) (29,27) 14
(29,27) (28,27) 33
(29,27) (30,27) 50
(30,27) (29,27) 50
(1,28) (2,28) 90
(2,28) (1,28) 66
(2,28) (3,28) 7
(3,28) (2,28) 32
(3,28) (4,28) 91
(4,28) (3,28) 61
(4,28) (5,28) 84
(5,28) (4,28) 50
(5,28) (6,28) 100
(6,28) (5,28) 43
(6,28) (7,28) 76
(7,28) (6,28) 59
(7,28) (8,28) 60
(8,28) (7,28) 14
(8,28) (9,28) 34
(9,28) (8,28) 92
(9,28) (10,28) 26
(10,28) (9,28) 16
(10,28) (11,28) 56
(11,28) (10,28) 91
(11,28) (12,28) 59
(12,28) (11,28) 98
(12,28) (13,28) 43
(13,28) (12,28) 68
(13,28) (14,28) 50
(14,28) (13,28) 69
(14,28) (15,28) 97
(15,28) (14,28) 61
(15,28) (16,28) 38
(16,28) (15,28) 79
(16,28) (17,28) 26
(17,28) (16,28) 13
(17,28) (18,28) 4
(18,28) (17,28) 70
(18,28) (19,28) 54
(19,28) (18,28) 93
(19,28) (20,28) 29
(20,28) (19,28) 78
(20,28) (21,28) 74
(21,28) (20,28) 75
(21,28) (22,28) 16
(22,28) (21,28) 24
(22,28) (23,28) 33
(23,28) (22,28) 45
(23,28) (24,28) 74
(24,28) (23,28) 55
(24,28) (25,28) 38
(25,28) (24,28) 22
(25,28) (26,28) 89
(26,28) (25,28) 34
(26,28) (27,28) 40
(27,28) (26,28) 36
(27,28) (28,28) 87
(28,28) (27,28) 53
(28,28) (29,28) 12
(29,28) (28,28) 51
(29,28) (30,28) 4
(30,28) (29,28) 34
(1,29) (2,29) 84
(2,29) (1,29) 14
(2,29) (3,29) 54
(3,29) (2,29) 96
(3,29) (4,29) 65
(4,29) (3,29) 24
(4,29) (5,29) 18
(5,29) (4,29) 75
(5,29) (6,29) 40
(6,29) (5,29) 8
(6,29) (7,29) 39
(7,29) (6,29) 18
(7,29) (8,29) 99
(8,29) (7,29) 98
(8,29) (9,29) 77
(9,29) (8,29) 83
(9,29) (10,29) 67
(10,29) (9,29) 82
(10,29) (11,29) 100
(11,29) (10,29) 21
(11,29) (12,29) 61
(12,29) (11,29) 24
(12,29) (13,29) 47
(13,29) (12,29) 80
(13,29) (14,29) 1
(14,29) (13,29) 63
(14,29) (15,29) 52
(15,29) (14,29) 4
(15,29) (16,29) 78
(16,29) (15,29) 58
(16,29) (17,29) 68
(17,29) (16,29) 8
(17,29) (18,29) 81
(18,29) (17,29) 37
(18,29) (19,29) 76
(19,29) (18,29) 39
(19,29) (20,29) 50
(20,29) (19,29) 88
(20,29) (21,29) 35
(21,29) (20,29) 62
(21,29) (22,29) 81
(22,29) (21,29) 47
(22,29) (23,29) 85
(23,29) (22,29) 54
(23,29) (24,29) 99
(24,29) (23,29) 14
(24,29) (25,29) 78
(25,29) (24,29) 51
(25,29) (26,29) 84
(26,29) (25,29) 8
(26,29) (27,29) 48
(27,29) (26,29) 18
(27,29) (28,29) 81
(28,29) (27,29) 76
(28,29) (29,29) 1
(29,29) (28,29) 36
(29,29) (30,29) 26
(30,29) (29,29) 71
(1,30) (2,30) 43
(2,30) (1,30) 9
(2,30) (3,30) 50
(3,30) (2,30) 53
(3,30) (4,30) 39
(4,30) (3,30) 81
(4,30) (5,30) 88
(5,30) (4,30) 86
(5,30) (6,30) 98
(6,30) (5,30) 57
(6,30) (7,30) 42
(7,30) (6,30) 89
(7,30) (8,30) 16
(8,30) (7,30) 5
(8,30) (9,30) 37
(9,30) (8,30) 73
(9,30) (10,30) 83
(10,30) (9,30) 65
(10,30) (11,30) 31
(11,30) (10,30) 48
(11,30) (12,30) 75
(12,30) (11,30) 70
(12,30) (13,30) 45
(13,30) (12,30) 10
(13,30) (14,30) 12
(14,30) (13,30) 85
(14,30) (15,30) 49
(15,30) (14,30) 66
(15,30) (16,30) 29
(16,30) (15,30) 83
(16,30) (17,30) 61
(17,30) (16,30) 68
(17,30) (18,30) 89
(18,30) (17,30) 56
(18,30) (19,30) 15
(19,30) (18,30) 71
(19,30) (20,30) 4
(20,30) (19,30) 98
(20,30) (21,30) 84
(21,30) (20,30) 18
(21,30) (22,30) 43
(22,30) (21,30) 93
(22,30) (23,30) 100
(23,30) (22,30) 6
(23,30) (24,30) 13
(24,30) (23,30) 5
(24,30) (25,30) 75
(25,30) (24,30) 58
(25,30) (26,30) 65
(26,30) (25,30) 24
(26,30) (27,30) 46
(27,30) (26,30) 28
(27,30) (28,30) 77
(28,30) (27,30) 46
(28,30) (29,30) 33
(29,30) (28,30) 88
(29,30) (30,30) 98
(30,30) (29,30) 23
(1,30) t 66
(2,30) t 87
(3,30) t 67
(4,30) t 85
(5,30) t 24
(6,30) t 38
(7,30) t 48
(8,30) t 7
(9,30) t 61
(10,30) t 57
(11,30) t 96
(12,30) t 19
(13,30) t 38
(14,30) t 11
(15,30) t 46
(16,30) t 95
(17,30) t 80
(18,30) t 52
(19,30) t 17
(20,30) t 86
(21,30) t 100
(22,30) t 35
(23,30) t 43
(24,30) t 66
(25,30) t 4
(26,30) t 9
(27,30) t 4
(28,30) t 17
(29,30) t 74
(30,30) t 2
