s (1,1) 70
s (2,1) 6
s (3,1) 75
s (4,1) 90
s (5,1) 26
s (6,1) 28
s (7,1) 97
s (8,1) 45
s (9,1) 8
s (10,1) 29
s (11,1) 38
s (12,1) 47
s (13,1) 66
s (14,1) 26
s (15,1) 20
s (16,1) 92
s (17,1) 61
s (18,1) 91
s (19,1) 6
s (20,1) 55
s (21,1) 31
s (22,1) 27
s (23,1) 59
s (24,1) 16
s (25,1) 69
s (26,1) 35
s (27,1) 38
s (28,1) 73
s (29,1) 51
s (30,1) 98
s (31,1) 43
s (32,1) 82
s (33,1) 8
s (34,1) 16
s (35,1) 89
s (36,1) 7
s (37,1) 86
s (38,1) 37
s (39,1) 12
s (40,1) 64
(1,1) (1,2) 3
(2,1) (2,2) 86
(3,1) (3,2) 1
(4,1) (4,2) 92
(5,1) (5,2) 19
(6,1) (6,2) 43
(7,1) (7,2) 70
(8,1) (8,2) 73
(9,1) (9,2) 58
(10,1) (10,2) 71
(11,1) (11,2) 68
(12,1) (12,2) 11
(13,1) (13,2) 46
(14,1) (14,2) 45
(15,1) (15,2) 77
(16,1) (16,2) 71
(17,1) (17,2) 18
(18,1) (18,2) 100
(19,1) (19,2) 10
(20,1) (20,2) 92
(21,1) (21,2) 71
(22,1) (22,2) 59
(23,1) (23,2) 21
(24,1) (24,2) 51
(25,1) (25,2) 48
(26,1) (26,2) 44
(27,1) (27,2) 24
(28,1) (28,2) 92
(29,1) (29,2) 57
(30,1) (30,2) 58
(31,1) (31,2) 98
(32,1) (32,2) 17
(33,1) (33,2) 80
(34,1) (34,2) 80
(35,1) (35,2) 79
(36,1) (36,2) 46
(37,1) (37,2) 27
(38,1) (38,2) 57
(39,1) (39,2) 36
(40,1) (40,2) 94
(1,2) (1,3) 54
(2,2) (2,3) 99
(3,2) (3,3) 41
(4,2) (4,3) 45
(5,2) (5,3) 74
(6,2) (6,3) 70
(7,2) (7,3) 23
(8,2) (8,3) 35
(9,2) (9,3) 49
(10,2) (10,3) 82
(11,2) (11,3) 38
(12,2) (12,3) 2
(13,2) (13,3) 96
(14,2) (14,3) 63
(15,2) (15,3) 84
(16,2) (16,3) 64
(17,2) (17,3) 90
(18,2) (18,3) 32
(19,2) (19,3) 97
(20,2) (20,3) 45
(21,2) (21,3) 90
(22,2) (22,3) 47
(23,2) (23,3) 77
(24,2) (24,3) 24
(25,2) (25,3) 68
(26,2) (26,3) 38
(27,2) (27,3) 44
(28,2) (28,3) 60
(29,2) (29,3) 83
(30,2) (30,3) 16
(31,2) (31,3) 36
(32,2) (32,3) 41
(33,2) (33,3) 43
(34,2) (34,3) 94
(35,2) (35,3) 54
(36,2) (36,3) 21
(37,2) (37,3) 90
(38,2) (38,3) 88
(39,2) (39,3) 73
(40,2) (40,3) 99
(1,3) (1,4) 84
(2,3) (2,4) 96
(3,3) (3,4) 11
(4,3) (4,4) 90
(5,3) (5,4) 87
(6,3) (6,4) 66
(7,3) (7,4) 19
(8,3) (8,4) 47
(9,3) (9,4) 18
(10,3) (10,4) 51
(11,3) (11,4) 62
(12,3) (12,4) 25
(13,3) (13,4) 38
(14,3) (14,4) 72
(15,3) (15,4) 90
(16,3) (16,4) 93
(17,3) (17,4) 4
(18,3) (18,4) 53
(19,3) (19,4) 38
(20,3) (20,4) 87
(21,3) (21,4) 90
(22,3) (22,4) 32
(23,3) (23,4) 7
(24,3) (24,4) 8
(25,3) (25,4) 80
(26,3) (26,4) 64
(27,3) (27,4) 38
(28,3) (28,4) 31
(29,3) (29,4) 27
(30,3) (30,4) 64
(31,3) (31,4) 94
(32,3) (32,4) 6
(33,3) (33,4) 96
(34,3) (34,4) 74
(35,3) (35,4) 57
(36,3) (36,4) 81
(37,3) (37,4) 48
(38,3) (38,4) 76
(39,3) (39,4) 59
(40,3) (40,4) 35
(1,4) (1,5) 96
(2,4) (2,5) 46
(3,4) (3,5) 89
(4,4) (4,5) 89
(5,4) (5,5) 45
(6,4) (6,5) 8
(7,4) (7,5) 69
(8,4) (8,5) 13
(9,4) (9,5) 58
(10,4) (10,5) 63
(11,4) (11,5) 63
(12,4) (12,5) 19
(13,4) (13,5) 93
(14,4) (14,5) 69
(15,4) (15,5) 57
(16,4) (16,5) 62
(17,4) (17,5) 97
(18,4) (18,5) 94
(19,4) (19,5) 37
(20,4) (20,5) 34
(21,4) (21,5) 8
(22,4) (22,5) 27
(23,4) (23,5) 39
(24,4) (24,5) 30
(25,4) (25,5) 26
(26,4) (26,5) 45
(27,4) (27,5) 38
(28,4) (28,5) 31
(29,4) (29,5) 74
(30,4) (30,5) 65
(31,4) (31,5) 4
(32,4) (32,5) 84
(33,4) (33,5) 49
(34,4) (34,5) 35
(35,4) (35,5) 33
(36,4) (36,5) 76
(37,4) (37,5) 38
(38,4) (38,5) 5
(39,4) (39,5) 21
(40,4) (40,5) 42
(1,5) (1,6) 91
(2,5) (2,6) 40
(3,5) (3,6) 42
(4,5) (4,6) 56
(5,5) (5,6) 87
(6,5) (6,6) 15
(7,5) (7,6) 2
(8,5) (8,6) 52
(9,5) (9,6) 77
(10,5) (10,6) 23
(11,5) (11,6) 43
(12,5) (12,6) 46
(13,5) (13,6) 86
(14,5) (14,6) 75
(15,5) (15,6) 60
(16,5) (16,6) 63
(17,5) (17,6) 64
(18,5) (18,6) 72
(19,5) (19,6) 64
(20,5) (20,6) 31
(21,5) (21,6) 49
(22,5) (22,6) 28
(23,5) (23,6) 85
(24,5) (24,6) 3
(25,5) (25,6) 87
(26,5) (26,6) 18
(27,5) (27,6) 3
(28,5) (28,6) 55
(29,5) (29,6) 50
(30,5) (30,6) 26
(31,5) (31,6) 60
(32,5) (32,6) 86
(33,5) (33,6) 76
(34,5) (34,6) 31
(35,5) (35,6) 67
(36,5) (36,6) 29
(37,5) (37,6) 9
(38,5) (38,6) 69
(39,5) (39,6) 29
(40,5) (40,6) 16
(1,6) (1,7) 70
(2,6) (2,7) 76
(3,6) (3,7) 65
(4,6) (4,7) 21
(5,6) (5,7) 81
(6,6) (6,7) 89
(7,6) (7,7) 25
(8,6) (8,7) 59
(9,6) (9,7) 83
(10,6) (10,7) 79
(11,6) (11,7) 22
(12,6) (12,7) 50
(13,6) (13,7) 15
(14,6) (14,7) 39
(15,6) (15,7) 87
(16,6) (16,7) 82
(17,6) (17,7) 27
(18,6) (18,7) 77
(19,6) (19,7) 85
(20,6) (20,7) 38
(21,6) (21,7) 4
(22,6) (22,7) 94
(23,6) (23,7) 84
(24,6) (24,7) 32
(25,6) (25,7) 91
(26,6) (26,7) 72
(27,6) (27,7) 27
(28,6) (28,7) 55
(29,6) (29,7) 46
(30,6) (30,7) 29
(31,6) (31,7) 64
(32,6) (32,7) 48
(33,6) (33,7) 75
(34,6) (34,7) 68
(35,6) (35,7) 37
(36,6) (36,7) 9
(37,6) (37,7) 31
(38,6) (38,7) 52
(39,6) (39,7) 5
(40,6) (40,7) 99
(1,7) (1,8) 88
(2,7) (2,8) 83
(3,7) (3,8) 4
(4,7) (4,8) 100
(5,7) (5,8) 81
(6,7) (6,8) 76
(7,7) (7,8) 3
(8,7) (8,8) 11
(9,7) (9,8) 86
(10,7) (10,8) 55
(11,7) (11,8) 53
(12,7) (12,8) 24
(13,7) (13,8) 12
(14,7) (14,8) 26
(15,7) (15,8) 62
(16,7) (16,8) 72
(17,7) (17,8) 34
(18,7) (18,8) 4
(19,7) (19,8) 1
(20,7) (20,8) 21
(21,7) (21,8) 7
(22,7) (22,8) 65
(23,7) (23,8) 89
(24,7) (24,8) 62
(25,7) (25,8) 8
(26,7) (26,8) 59
(27,7) (27,8) 10
(28,7) (28,8) 39
(29,7) (29,8) 91
(30,7) (30,8) 22
(31,7) (31,8) 22
(32,7) (32,8) 100
(33,7) (33,8) 57
(34,7) (34,8) 16
(35,7) (35,8) 75
(36,7) (36,8) 4
(37,7) (37,8) 25
(38,7) (38,8) 61
(39,7) (39,8) 26
(40,7) (40,8) 92
(1,8) (1,9) 30
(2,8) (2,9) 49
(3,8) (3,9) 35
(4,8) (4,9) 74
(5,8) (5,9) 99
(6,8) (6,9) 26
(7,8) (7,9) 14
(8,8) (8,9) 30
(9,8) (9,9) 51
(10,8) (10,9) 94
(11,8) (11,9) 97
(12,8) (12,9) 8
(13,8) (13,9) 44
(14,8) (14,9) 10
(15,8) (15,9) 60
(16,8) (16,9) 64
(17,8) (17,9) 85
(18,8) (18,9) 66
(19,8) (19,9) 29
(20,8) (20,9) 58
(21,8) (21,9) 35
(22,8) (22,9) 70
(23,8) (23,9) 10
(24,8) (24,9) 37
(25,8) (25,9) 16
(26,8) (26,9) 97
(27,8) (27,9) 90
(28,8) (28,9) 31
(29,8) (29,9) 75
(30,8) (30,9) 60
(31,8) (31,9) 63
(32,8) (32,9) 79
(33,8) (33,9) 53
(34,8) (34,9) 5
(35,8) (35,9) 5
(36,8) (36,9) 80
(37,8) (37,9) 33
(38,8) (38,9) 47
(39,8) (39,9) 91
(40,8) (40,9) 22
(1,9) (1,10) 100
(2,9) (2,10) 86
(3,9) (3,10) 56
(4,9) (4,10) 60
(5,9) (5,10) 16
(6,9) (6,10) 53
(7,9) (7,10) 55
(8,9) (8,10) 73
(9,9) (9,10) 98
(10,9) (10,10) 28
(11,9) (11,10) 92
(12,9) (12,10) 99
(13,9) (13,10) 27
(14,9) (14,10) 59
(15,9) (15,10) 78
(16,9) (16,10) 74
(17,9) (17,10) 92
(18,9) (18,10) 14
(19,9) (19,10) 89
(20,9) (20,10) 57
(21,9) (21,10) 26
(22,9) (22,10) 38
(23,9) (23,10) 53
(24,9) (24,10) 31
(25,9) (25,10) 97
(26,9) (26,10) 75
(27,9) (27,10) 73
(28,9) (28,10) 81
(29,9) (29,10) 85
(30,9) (30,10) 27
(31,9) (31,10) 58
(32,9) (32,10) 29
(33,9) (33,10) 72
(34,9) (34,10) 37
(35,9) (35,10) 93
(36,9) (36,10) 76
(37,9) (37,10) 3
(38,9) (38,10) 8
(39,9) (39,10) 52
(40,9) (40,10) 93
(1,10) (1,11) 55
(2,10) (2,11) 62
(3,10) (3,11) 42
(4,10) (4,11) 10
(5,10) (5,11) 76
(6,10) (6,11) 59
(7,10) (7,11) 65
(8,10) (8,11) 15
(9,10) (9,11) 52
(10,10) (10,11) 79
(11,10) (11,11) 40
(12,10) (12,11) 93
(13,10) (13,11) 3
(14,10) (14,11) 11
(15,10) (15,11) 19
(16,10) (16,11) 69
(17,10) (17,11) 15
(18,10) (18,11) 61
(19,10) (19,11) 94
(20,10) (20,11) 58
(21,10) (21,11) 96
(22,10) (22,11) 90
(23,10) (23,11) 80
(24,10) (24,11) 1
(25,10) (25,11) 34
(26,10) (26,11) 91
(27,10) (27,11) 4
(28,10) (28,11) 5
(29,10) (29,11) 82
(30,10) (30,11) 24
(31,10) (31,11) 29
(32,10) (32,11) 40
(33,10) (33,11) 44
(34,10) (34,11) 59
(35,10) (35,11) 51
(36,10) (36,11) 58
(37,10) (37,11) 66
(38,10) (38,11) 84
(39,10) (39,11) 17
(40,10) (40,11) 44
(1,11) (1,12) 26
(2,11) (2,12) 9
(3,11) (3,12) 24
(4,11) (4,12) 52
(5,11) (5,12) 85
(6,11) (6,12) 7
(7,11) (7,12) 78
(8,11) (8,12) 15
(9,11) (9,12) 20
(10,11) (10,12) 38
(11,11) (11,12) 9
(12,11) (12,12) 11
(13,11) (13,12) 74
(14,11) (14,12) 78
(15,11) (15,12) 98
(16,11) (16,12) 76
(17,11) (17,12) 48
(18,11) (18,12) 26
(19,11) (19,12) 73
(20,11) (20,12) 15
(21,11) (21,12) 17
(22,11) (22,12) 1
(23,11) (23,12) 11
(24,11) (24,12) 71
(25,11) (25,12) 41
(26,11) (26,12) 72
(27,11) (27,12) 35
(28,11) (28,12) 88
(29,11) (29,12) 24
(30,11) (30,12) 63
(31,11) (31,12) 64
(32,11) (32,12) 85
(33,11) (33,12) 9
(34,11) (34,12) 36
(35,11) (35,12) 56
(36,11) (36,12) 17
(37,11) (37,12) 61
(38,11) (38,12) 50
(39,11) (39,12) 30
(40,11) (40,12) 87
(1,12) (1,13) 67
(2,12) (2,13) 39
(3,12) (3,13) 8
(4,12) (4,13) 8
(5,12) (5,13) 33
(6,12) (6,13) 90
(7,12) (7,13) 71
(8,12) (8,13) 65
(9,12) (9,13) 8
(10,12) (10,13) 12
(11,12) (11,13) 81
(12,12) (12,13) 49
(13,12) (13,13) 95
(14,12) (14,13) 2
(15,12) (15,13) 41
(16,12) (16,13) 21
(17,12) (17,13) 26
(18,12) (18,13) 99
(19,12) (19,13) 95
(20,12) (20,13) 20
(21,12) (21,13) 58
(22,12) (22,13) 13
(23,12) (23,13) 79
(24,12) (24,13) 75
(25,12) (25,13) 4
(26,12) (26,13) 15
(27,12) (27,13) 100
(28,12) (28,13) 18
(29,12) (29,13) 63
(30,12) (30,13) 4
(31,12) (31,13) 2
(32,12) (32,13) 59
(33,12) (33,13) 95
(34,12) (34,13) 62
(35,12) (35,13) 57
(36,12) (36,13) 27
(37,12) (37,13) 44
(38,12) (38,13) 90
(39,12) (39,13) 93
(40,12) (40,13) 72
(1,13) (1,14) 96
(2,13) (2,14) 81
(3,13) (3,14) 15
(4,13) (4,14) 36
(5,13) (5,14) 17
(6,13) (6,14) 29
(7,13) (7,14) 30
(8,13) (8,14) 25
(9,13) (9,14) 83
(10,13) (10,14) 3
(11,13) (11,14) 62
(12,13) (12,14) 93
(13,13) (13,14) 82
(14,13) (14,14) 52
(15,13) (15,14) 30
(16,13) (16,14) 32
(17,13) (17,14) 33
(18,13) (18,14) 42
(19,13) (19,14) 77
(20,13) (20,14) 44
(21,13) (21,14) 89
(22,13) (22,14) 77
(23,13) (23,14) 84
(24,13) (24,14) 33
(25,13) (25,14) 78
(26,13) (26,14) 51
(27,13) (27,14) 55
(28,13) (28,14) 63
(29,13) (29,14) 93
(30,13) (30,14) 45
(31,13) (31,14) 50
(32,13) (32,14) 26
(33,13) (33,14) 63
(34,13) (34,14) 28
(35,13) (35,14) 91
(36,13) (36,14) 8
(37,13) (37,14) 70
(38,13) (38,14) 21
(39,13) (39,14) 85
(40,13) (40,14) 17
(1,14) (1,15) 36
(2,14) (2,15) 25
(3,14) (3,15) 49
(4,14) (4,15) 96
(5,14) (5,15) 69
(6,14) (6,15) 93
(7,14) (7,15) 13
(8,14) (8,15) 98
(9,14) (9,15) 55
(10,14) (10,15) 10
(11,14) (11,15) 53
(12,14) (12,15) 18
(13,14) (13,15) 78
(14,14) (14,15) 44
(15,14) (15,15) 98
(16,14) (16,15) 40
(17,14) (17,15) 90
(18,14) (18,15) 45
(19,14) (19,15) 3
(20,14) (20,15) 42
(21,14) (21,15) 20
(22,14) (22,15) 85
(23,14) (23,15) 76
(24,14) (24,15) 29
(25,14) (25,15) 69
(26,14) (26,15) 85
(27,14) (27,15) 17
(28,14) (28,15) 32
(29,14) (29,15) 22
(30,14) (30,15) 93
(31,14) (31,15) 43
(32,14) (32,15) 16
(33,14) (33,15) 97
(34,14) (34,15) 35
(35,14) (35,15) 70
(36,14) (36,15) 5
(37,14) (37,15) 85
(38,14) (38,15) 88
(39,14) (39,15) 79
(40,14) (40,15) 80
(1,15) (1,16) 86
(2,15) (2,16) 70
(3,15) (3,16) 91
(4,15) (4,16) 6
(5,15) (5,16) 32
(6,15) (6,16) 79
(7,15) (7,16) 25
(8,15) (8,16) 32
(9,15) (9,16) 1
(10,15) (10,16) 48
(11,15) (11,16) 60
(12,15) (12,16) 25
(13,15) (13,16) 74
(14,15) (14,16) 60
(15,15) (15,16) 59
(16,15) (16,16) 43
(17,15) (17,16) 14
(18,15) (18,16) 33
(19,15) (19,16) 74
(20,15) (20,16) 69
(21,15) (21,16) 95
(22,15) (22,16) 87
(23,15) (23,16) 96
(24,15) (24,16) 15
(25,15) (25,16) 42
(26,15) (26,16) 41
(27,15) (27,16) 67
(28,15) (28,16) 87
(29,15) (29,16) 2
(30,15) (30,16) 60
(31,15) (31,16) 41
(32,15) (32,16) 94
(33,15) (33,16) 29
(34,15) (34,16) 74
(35,15) (35,16) 52
(36,15) (36,16) 37
(37,15) (37,16) 83
(38,15) (38,16) 8
(39,15) (39,16) 28
(40,15) (40,16) 22
(1,16) (1,17) 14
(2,16) (2,17) 17
(3,16) (3,17) 6
(4,16) (4,17) 96
(5,16) (5,17) 15
(6,16) (6,17) 43
(7,16) (7,17) 13
(8,16) (8,17) 82
(9,16) (9,17) 13
(10,16) (10,17) 31
(11,16) (11,17) 77
(12,16) (12,17) 15
(13,16) (13,17) 94
(14,16) (14,17) 53
(15,16) (15,17) 31
(16,16) (16,17) 72
(17,16) (17,17) 32
(18,16) (18,17) 10
(19,16) (19,17) 36
(20,16) (20,17) 39
(21,16) (21,17) 83
(22,16) (22,17) 79
(23,16) (23,17) 31
(24,16) (24,17) 49
(25,16) (25,17) 78
(26,16) (26,17) 43
(27,16) (27,17) 50
(28,16) (28,17) 30
(29,16) (29,17) 24
(30,16) (30,17) 8
(31,16) (31,17) 49
(32,16) (32,17) 100
(33,16) (33,17) 77
(34,16) (34,17) 87
(35,16) (35,17) 45
(36,16) (36,17) 70
(37,16) (37,17) 70
(38,16) (38,17) 42
(39,16) (39,17) 68
(40,16) (40,17) 32
(1,17) (1,18) 72
(2,17) (2,18) 68
(3,17) (3,18) 74
(4,17) (4,18) 77
(5,17) (5,18) 90
(6,17) (6,18) 16
(7,17) (7,18) 94
(8,17) (8,18) 69
(9,17) (9,18) 33
(10,17) (10,18) 10
(11,17) (11,18) 75
(12,17) (12,18) 17
(13,17) (13,18) 65
(14,17) (14,18) 8
(15,17) (15,18) 81
(16,17) (16,18) 35
(17,17) (17,18) 96
(18,17) (18,18) 56
(19,17) (19,18) 24
(20,17) (20,18) 95
(21,17) (21,18) 55
(22,17) (22,18) 100
(23,17) (23,18) 70
(24,17) (24,18) 48
(25,17) (25,18) 61
(26,17) (26,18) 82
(27,17) (27,18) 50
(28,17) (28,18) 36
(29,17) (29,18) 19
(30,17) (30,18) 26
(31,17) (31,18) 45
(32,17) (32,18) 40
(33,17) (33,18) 54
(34,17) (34,18) 3
(35,17) (35,18) 66
(36,17) (36,18) 56
(37,17) (37,18) 96
(38,17) (38,18) 1
(39,17) (39,18) 15
(40,17) (40,18) 48
(1,18) (1,19) 86
(2,18) (2,19) 78
(3,18) (3,19) 86
(4,18) (4,19) 16
(5,18) (5,19) 56
(6,18) (6,19) 26
(7,18) (7,19) 98
(8,18) (8,19) 82
(9,18) (9,19) 87
(10,18) (10,19) 2
(11,18) (11,19) 18
(12,18) (12,19) 53
(13,18) (13,19) 35
(14,18) (14,19) 62
(15,18) (15,19) 8
(16,18) (16,19) 53
(17,18) (17,19) 8
(18,18) (18,19) 91
(19,18) (19,19) 20
(20,18) (20,19) 94
(21,18) (21,19) 83
(22,18) (22,19) 33
(23,18) (23,19) 4
(24,18) (24,19) 74
(25,18) (25,19) 35
(26,18) (26,19) 40
(27,18) (27,19) 44
(28,18) (28,19) 92
(29,18) (29,19) 87
(30,18) (30,19) 46
(31,18) (31,19) 99
(32,18) (32,19) 23
(33,18) (33,19) 44
(34,18) (34,19) 85
(35,18) (35,19) 92
(36,18) (36,19) 33
(37,18) (37,19) 62
(38,18) (38,19) 15
(39,18) (39,19) 31
(40,18) (40,19) 81
(1,19) (1,20) 55
(2,19) (2,20) 76
(3,19) (3,20) 52
(4,19) (4,20) 59
(5,19) (5,20) 45
(6,19) (6,20) 7
(7,19) (7,20) 11
(8,19) (8,20) 35
(9,19) (9,20) 65
(10,19) (10,20) 33
(11,19) (11,20) 71
(12,19) (12,20) 99
(13,19) (13,20) 86
(14,19) (14,20) 79
(15,19) (15,20) 13
(16,19) (16,20) 63
(17,19) (17,20) 27
(18,19) (18,20) 92
(19,19) (19,20) 80
(20,19) (20,20) 12
(21,19) (21,20) 29
(22,19) (22,20) 40
(23,19) (23,20) 18
(24,19) (24,20) 29
(25,19) (25,20) 33
(26,19) (26,20) 31
(27,19) (27,20) 53
(28,19) (28,20) 39
(29,19) (29,20) 62
(30,19) (30,20) 29
(31,19) (31,20) 17
(32,19) (32,20) 35
(33,19) (33,20) 72
(34,19) (34,20) 70
(35,19) (35,20) 67
(36,19) (36,20) 7
(37,19) (37,20) 72
(38,19) (38,20) 27
(39,19) (39,20) 31
(40,19) (40,20) 46
(1,20) (1,21) 28
(2,20) (2,21) 41
(3,20) (3,21) 32
(4,20) (4,21) 52
(5,20) (5,21) 39
(6,20) (6,21) 22
(7,20) (7,21) 47
(8,20) (8,21) 41
(9,20) (9,21) 70
(10,20) (10,21) 18
(11,20) (11,21) 78
(12,20) (12,21) 5
(13,20) (13,21) 2
(14,20) (14,21) 35
(15,20) (15,21) 51
(16,20) (16,21) 78
(17,20) (17,21) 2
(18,20) (18,21) 5
(19,20) (19,21) 54
(20,20) (20,21) 24
(21,20) (21,21) 38
(22,20) (22,21) 49
(23,20) (23,21) 17
(24,20) (24,21) 63
(25,20) (25,21) 66
(26,20) (26,21) 69
(27,20) (27,21) 82
(28,20) (28,21) 42
(29,20) (29,21) 36
(30,20) (30,21) 34
(31,20) (31,21) 71
(32,20) (32,21) 34
(33,20) (33,21) 5
(34,20) (34,21) 42
(35,20) (35,21) 25
(36,20) (36,21) 21
(37,20) (37,21) 91
(38,20) (38,21) 93
(39,20) (39,21) 63
(40,20) (40,21) 30
(1,21) (1,22) 92
(2,21) (2,22) 19
(3,21) (3,22) 51
(4,21) (4,22) 43
(5,21) (5,22) 19
(6,21) (6,22) 30
(7,21) (7,22) 3
(8,21) (8,22) 27
(9,21) (9,22) 76
(10,21) (10,22) 63
(11,21) (11,22) 38
(12,21) (12,22) 97
(13,21) (13,22) 50
(14,21) (14,22) 23
(15,21) (15,22) 54
(16,21) (16,22) 14
(17,21) (17,22) 1
(18,21) (18,22) 41
(19,21) (19,22) 30
(20,21) (20,22) 87
(21,21) (21,22) 7
(22,21) (22,22) 91
(23,21) (23,22) 96
(24,21) (24,22) 15
(25,21) (25,22) 72
(26,21) (26,22) 5
(27,21) (27,22) 72
(28,21) (28,22) 81
(29,21) (29,22) 77
(30,21) (30,22) 52
(31,21) (31,22) 89
(32,21) (32,22) 37
(33,21) (33,22) 41
(34,21) (34,22) 30
(35,21) (35,22) 90
(36,21) (36,22) 77
(37,21) (37,22) 96
(38,21) (38,22) 95
(39,21) (39,22) 94
(40,21) (40,22) 78
(1,22) (1,23) 65
(2,22) (2,23) 11
(3,22) (3,23) 65
(4,22) (4,23) 89
(5,22) (5,23) 91
(6,22) (6,23) 24
(7,22) (7,23) 58
(8,22) (8,23) 45
(9,22) (9,23) 33
(10,22) (10,23) 68
(11,22) (11,23) 37
(12,22) (12,23) 87
(13,22) (13,23) 82
(14,22) (14,23) 84
(15,22) (15,23) 6
(16,22) (16,23) 66
(17,22) (17,23) 85
(18,22) (18,23) 57
(19,22) (19,23) 57
(20,22) (20,23) 5
(21,22) (21,23) 78
(22,22) (22,23) 22
(23,22) (23,23) 61
(24,22) (24,23) 62
(25,22) (25,23) 41
(26,22) (26,23) 7
(27,22) (27,23) 8
(28,22) (28,23) 92
(29,22) (29,23) 24
(30,22) (30,23) 97
(31,22) (31,23) 4
(32,22) (32,23) 53
(33,22) (33,23) 83
(34,22) (34,23) 23
(35,22) (35,23) 68
(36,22) (36,23) 70
(37,22) (37,23) 17
(38,22) (38,23) 61
(39,22) (39,23) 35
(40,22) (40,23) 97
(1,23) (1,24) 2
(2,23) (2,24) 84
(3,23) (3,24) 89
(4,23) (4,24) 38
(5,23) (5,24) 100
(6,23) (6,24) 72
(7,23) (7,24) 41
(8,23) (8,24) 34
(9,23) (9,24) 4
(10,23) (10,24) 58
(11,23) (11,24) 18
(12,23) (12,24) 56
(13,23) (13,24) 89
(14,23) (14,24) 16
(15,23) (15,24) 3
(16,23) (16,24) 1
(17,23) (17,24) 16
(18,23) (18,24) 79
(19,23) (19,24) 91
(20,23) (20,24) 68
(21,23) (21,24) 27
(22,23) (22,24) 75
(23,23) (23,24) 69
(24,23) (24,24) 55
(25,23) (25,24) 88
(26,23) (26,24) 11
(27,23) (27,24) 29
(28,23) (28,24) 89
(29,23) (29,24) 3
(30,23) (30,24) 9
(31,23) (31,24) 35
(32,23) (32,24) 37
(33,23) (33,24) 4
(34,23) (34,24) 17
(35,23) (35,24) 97
(36,23) (36,24) 83
(37,23) (37,24) 30
(38,23) (38,24) 26
(39,23) (39,24) 93
(40,23) (40,24) 2
(1,24) (1,25) 81
(2,24) (2,25) 25
(3,24) (3,25) 21
(4,24) (4,25) 47
(5,24) (5,25) 15
(6,24) (6,25) 75
(7,24) (7,25) 18
(8,24) (8,25) 94
(9,24) (9,25) 79
(10,24) (10,25) 45
(11,24) (11,25) 69
(12,24) (12,25) 100
(13,24) (13,25) 46
(14,24) (14,25) 87
(15,24) (15,25) 36
(16,24) (16,25) 88
(17,24) (17,25) 22
(18,24) (18,25) 14
(19,24) (19,25) 50
(20,24) (20,25) 90
(21,24) (21,25) 93
(22,24) (22,25) 71
(23,24) (23,25) 2
(24,24) (24,25) 4
(25,24) (25,25) 11
(26,24) (26,25) 54
(27,24) (27,25) 46
(28,24) (28,25) 83
(29,24) (29,25) 3
(30,24) (30,25) 83
(31,24) (31,25) 49
(32,24) (32,25) 80
(33,24) (33,25) 20
(34,24) (34,25) 49
(35,24) (35,25) 45
(36,24) (36,25) 46
(37,24) (37,25) 83
(38,24) (38,25) 77
(39,24) (39,25) 71
(40,24) (40,25) 70
(1,25) (1,26) 8
(2,25) (2,26) 18
(3,25) (3,26) 69
(4,25) (4,26) 5
(5,25) (5,26) 29
(6,25) (6,26) 15
(7,25) (7,26) 27
(8,25) (8,26) 36
(9,25) (9,26) 95
(10,25) (10,26) 68
(11,25) (11,26) 99
(12,25) (12,26) 80
(13,25) (13,26) 16
(14,25) (14,26) 27
(15,25) (15,26) 70
(16,25) (16,26) 76
(17,25) (17,26) 92
(18,25) (18,26) 31
(19,25) (19,26) 91
(20,25) (20,26) 78
(21,25) (21,26) 33
(22,25) (22,26) 96
(23,25) (23,26) 46
(24,25) (24,26) 12
(25,25) (25,26) 33
(26,25) (26,26) 99
(27,25) (27,26) 91
(28,25) (28,26) 85
(29,25) (29,26) 58
(30,25) (30,26) 63
(31,25) (31,26) 78
(32,25) (32,26) 31
(33,25) (33,26) 16
(34,25) (34,26) 81
(35,25) (35,26) 35
(36,25) (36,26) 54
(37,25) (37,26) 67
(38,25) (38,26) 68
(39,25) (39,26) 4
(40,25) (40,26) 31
(1,26) (1,27) 81
(2,26) (2,27) 62
(3,26) (3,27) 54
(4,26) (4,27) 84
(5,26) (5,27) 88
(6,26) (6,27) 12
(7,26) (7,27) 77
(8,26) (8,27) 81
(9,26) (9,27) 1
(10,26) (10,27) 57
(11,26) (11,27) 84
(12,26) (12,27) 87
(13,26) (13,27) 12
(14,26) (14,27) 55
(15,26) (15,27) 36
(16,26) (16,27) 24
(17,26) (17,27) 44
(18,26) (18,27) 78
(19,26) (19,27) 6
(20,26) (20,27) 39
(21,26) (21,27) 3
(22,26) (22,27) 93
(23,26) (23,27) 39
(24,26) (24,27) 3
(25,26) (25,27) 71
(26,26) (26,27) 46
(27,26) (27,27) 48
(28,26) (28,27) 44
(29,26) (29,27) 37
(30,26) (30,27) 2
(31,26) (31,27) 99
(32,26) (32,27) 29
(33,26) (33,27) 62
(34,26) (34,27) 51
(35,26) (35,27) 69
(36,26) (36,27) 93
(37,26) (37,27) 44
(38,26) (38,27) 84
(39,26) (39,27) 92
(40,26) (40,27) 69
(1,27) (1,28) 79
(2,27) (2,28) 87
(3,27) (3,28) 57
(4,27) (4,28) 75
(5,27) (5,28) 57
(6,27) (6,28) 81
(7,27) (7,28) 42
(8,27) (8,28) 82
(9,27) (9,28) 13
(10,27) (10,28) 50
(11,27) (11,28) 2
(12,27) (12,28) 41
(13,27) (13,28) 75
(14,27) (14,28) 7
(15,27) (15,28) 73
(16,27) (16,28) 5
(17,27) (17,28) 65
(18,27) (18,28) 98
(19,27) (19,28) 95
(20,27) (20,28) 67
(21,27) (21,28) 82
(22,27) (22,28) 9
(23,27) (23,28) 86
(24,27) (24,28) 95
(25,27) (25,28) 16
(26,27) (26,28) 44
(27,27) (27,28) 83
(28,27) (28,28) 64
(29,27) (29,28) 93
(30,27) (30,28) 9
(31,27) (31,28) 55
(32,27) (32,28) 53
(33,27) (33,28) 2
(34,27) (34,28) 98
(35,27) (35,28) 23
(36,27) (36,28) 10
(37,27) (37,28) 31
(38,27) (38,28) 22
(39,27) (39,28) 14
(40,27) (40,28) 64
(1,28) (1,29) 12
(2,28) (2,29) 96
(3,28) (3,29) 67
(4,28) (4,29) 74
(5,28) (5,29) 14
(6,28) (6,29) 17
(7,28) (7,29) 14
(8,28) (8,29) 81
(9,28) (9,29) 63
(10,28) (10,29) 56
(11,28) (11,29) 52
(12,28) (12,29) 7
(13,28) (13,29) 46
(14,28) (14,29) 49
(15,28) (15,29) 79
(16,28) (16,29) 88
(17,28) (17,29) 74
(18,28) (18,29) 92
(19,28) (19,29) 1
(20,28) (20,29) 1
(21,28) (21,29) 70
(22,28) (22,29) 93
(23,28) (23,29) 30
(24,28) (24,29) 98
(25,28) (25,29) 83
(26,28) (26,29) 53
(27,28) (27,29) 53
(28,28) (28,29) 20
(29,28) (29,29) 11
(30,28) (30,29) 62
(31,28) (31,29) 62
(32,28) (32,29) 88
(33,28) (33,29) 97
(34,28) (34,29) 47
(35,28) (35,29) 30
(36,28) (36,29) 95
(37,28) (37,29) 35
(38,28) (38,29) 15
(39,28) (39,29) 84
(40,28) (40,29) 35
(1,29) (1,30) 67
(2,29) (2,30) 49
(3,29) (3,30) 100
(4,29) (4,30) 71
(5,29) (5,30) 11
(6,29) (6,30) 90
(7,29) (7,30) 67
(8,29) (8,30) 84
(9,29) (9,30) 52
(10,29) (10,30) 23
(11,29) (11,30) 82
(12,29) (12,30) 35
(13,29) (13,30) 48
(14,29) (14,30) 86
(15,29) (15,30) 20
(16,29) (16,30) 31
(17,29) (17,30) 4
(18,29) (18,30) 72
(19,29) (19,30) 95
(20,29) (20,30) 95
(21,29) (21,30) 69
(22,29) (22,30) 57
(23,29) (23,30) 51
(24,29) (24,30) 33
(25,29) (25,30) 49
(26,29) (26,30) 7
(27,29) (27,30) 57
(28,29) (28,30) 44
(29,29) (29,30) 94
(30,29) (30,30) 48
(31,29) (31,30) 91
(32,29) (32,30) 92
(33,29) (33,30) 10
(34,29) (34,30) 48
(35,29) (35,30) 78
(36,29) (36,30) 64
(37,29) (37,30) 66
(38,29) (38,30) 36
(39,29) (39,30) 74
(40,29) (40,30) 75
(1,30) (1,31) 73
(2,30) (2,31) 6
(3,30) (3,31) 90
(4,30) (4,31) 56
(5,30) (5,31) 86
(6,30) (6,31) 77
(7,30) (7,31) 94
(8,30) (8,31) 84
(9,30) (9,31) 31
(10,30) (10,31) 56
(11,30) (11,31) 89
(12,30) (12,31) 6
(13,30) (13,31) 32
(14,30) (14,31) 15
(15,30) (15,31) 29
(16,30) (16,31) 83
(17,30) (17,31) 66
(18,30) (18,31) 89
(19,30) (19,31) 19
(20,30) (20,31) 68
(21,30) (21,31) 16
(22,30) (22,31) 66
(23,30) (23,31) 13
(24,30) (24,31) 74
(25,30) (25,31) 9
(26,30) (26,31) 53
(27,30) (27,31) 46
(28,30) (28,31) 1
(29,30) (29,31) 6
(30,30) (30,31) 23
(31,30) (31,31) 4
(32,30) (32,31) 53
(33,30) (33,31) 47
(34,30) (34,31) 64
(35,30) (35,31) 41
(36,30) (36,31) 65
(37,30) (37,31) 21
(38,30) (38,31) 18
(39,30) (39,31) 80
(40,30) (40,31) 37
(1,31) (1,32) 58
(2,31) (2,32) 84
(3,31) (3,32) 28
(4,31) (4,32) 51
(5,31) (5,32) 21
(6,31) (6,32) 55
(7,31) (7,32) 11
(8,31) (8,32) 30
(9,31) (9,32) 5
(10,31) (10,32) 93
(11,31) (11,32) 85
(12,31) (12,32) 53
(13,31) (13,32) 49
(14,31) (14,32) 43
(15,31) (15,32) 32
(16,31) (16,32) 59
(17,31) (17,32) 46
(18,31) (18,32) 9
(19,31) (19,32) 92
(20,31) (20,32) 51
(21,31) (21,32) 45
(22,31) (22,32) 98
(23,31) (23,32) 12
(24,31) (24,32) 10
(25,31) (25,32) 93
(26,31) (26,32) 30
(27,31) (27,32) 72
(28,31) (28,32) 49
(29,31) (29,32) 16
(30,31) (30,32) 69
(31,31) (31,32) 14
(32,31) (32,32) 26
(33,31) (33,32) 38
(34,31) (34,32) 40
(35,31) (35,32) 31
(36,31) (36,32) 59
(37,31) (37,32) 35
(38,31) (38,32) 23
(39,31) (39,32) 35
(40,31) (40,32) 99
(1,32) (1,33) 43
(2,32) (2,33) 6
(3,32) (3,33) 25
(4,32) (4,33) 4
(5,32) (5,33) 16
(6,32) (6,33) 9
(7,32) (7,33) 30
(8,32) (8,33) 98
(9,32) (9,33) 19
(10,32) (10,33) 52
(11,32) (11,33) 65
(12,32) (12,33) 22
(13,32) (13,33) 95
(14,32) (14,33) 27
(15,32) (15,33) 24
(16,32) (16,33) 71
(17,32) (17,33) 31
(18,32) (18,33) 91
(19,32) (19,33) 21
(20,32) (20,33) 18
(21,32) (21,33) 60
(22,32) (22,33) 98
(23,32) (23,33) 56
(24,32) (24,33) 96
(25,32) (25,33) 48
(26,32) (26,33) 13
(27,32) (27,33) 50
(28,32) (28,33) 58
(29,32) (29,33) 26
(30,32) (30,33) 21
(31,32) (31,33) 87
(32,32) (32,33) 84
(33,32) (33,33) 34
(34,32) (34,33) 88
(35,32) (35,33) 6
(36,32) (36,33) 88
(37,32) (37,33) 74
(38,32) (38,33) 6
(39,32) (39,33) 65
(40,32) (40,33) 15
(1,33) (1,34) 10
(2,33) (2,34) 100
(3,33) (3,34) 76
(4,33) (4,34) 30
(5,33) (5,34) 1
(6,33) (6,34) 4
(7,33) (7,34) 58
(8,33) (8,34) 54
(9,33) (9,34) 45
(10,33) (10,34) 71
(11,33) (11,34) 63
(12,33) (12,34) 64
(13,33) (13,34) 25
(14,33) (14,34) 41
(15,33) (15,34) 77
(16,33) (16,34) 29
(17,33) (17,34) 26
(18,33) (18,34) 59
(19,33) (19,34) 82
(20,33) (20,34) 63
(21,33) (21,34) 83
(22,33) (22,34) 6
(23,33) (23,34) 52
(24,33) (24,34) 55
(25,33) (25,34) 67
(26,33) (26,34) 75
(27,33) (27,34) 28
(28,33) (28,34) 31
(29,33) (29,34) 34
(30,33) (30,34) 19
(31,33) (31,34) 17
(32,33) (32,34) 14
(33,33) (33,34) 25
(34,33) (34,34) 79
(35,33) (35,34) 41
(36,33) (36,34) 50
(37,33) (37,34) 54
(38,33) (38,34) 78
(39,33) (39,34) 14
(40,33) (40,34) 9
(1,34) (1,35) 87
(2,34) (2,35) 15
(3,34) (3,35) 39
(4,34) (4,35) 45
(5,34) (5,35) 34
(6,34) (6,35) 61
(7,34) (7,35) 86
(8,34) (8,35) 71
(9,34) (9,35) 66
(10,34) (10,35) 5
(11,34) (11,35) 46
(12,34) (12,35) 87
(13,34) (13,35) 46
(14,34) (14,35) 43
(15,34) (15,35) 22
(16,34) (16,35) 15
(17,34) (17,35) 95
(18,34) (18,35) 80
(19,34) (19,35) 76
(20,34) (20,35) 61
(21,34) (21,35) 53
(22,34) (22,35) 20
(23,34) (23,35) 32
(24,34) (24,35) 31
(25,34) (25,35) 54
(26,34) (26,35) 17
(27,34) (27,35) 93
(28,34) (28,35) 22
(29,34) (29,35) 27
(30,34) (30,35) 66
(31,34) (31,35) 6
(32,34) (32,35) 31
(33,34) (33,35) 52
(34,34) (34,35) 58
(35,34) (35,35) 83
(36,34) (36,35) 63
(37,34) (37,35) 23
(38,34) (38,35) 24
(39,34) (39,35) 99
(40,34) (40,35) 25
(1,35) (1,36) 15
(2,35) (2,36) 51
(3,35) (3,36) 74
(4,35) (4,36) 50
(5,35) (5,36) 58
(6,35) (6,36) 70
(7,35) (7,36) 32
(8,35) (8,36) 40
(9,35) (9,36) 16
(10,35) (10,36) 47
(11,35) (11,36) 93
(12,35) (12,36) 28
(13,35) (13,36) 2
(14,35) (14,36) 29
(15,35) (15,36) 40
(16,35) (16,36) 79
(17,35) (17,36) 7
(18,35) (18,36) 49
(19,35) (19,36) 26
(20,35) (20,36) 80
(21,35) (21,36) 80
(22,35) (22,36) 66
(23,35) (23,36) 12
(24,35) (24,36) 8
(25,35) (25,36) 18
(26,35) (26,36) 85
(27,35) (27,36) 14
(28,35) (28,36) 95
(29,35) (29,36) 65
(30,35) (30,36) 76
(31,35) (31,36) 92
(32,35) (32,36) 91
(33,35) (33,36) 20
(34,35) (34,36) 21
(35,35) (35,36) 82
(36,35) (36,36) 71
(37,35) (37,36) 92
(38,35) (38,36) 96
(39,35) (39,36) 7
(40,35) (40,36) 74
(1,36) (1,37) 40
(2,36) (2,37) 15
(3,36) (3,37) 27
(4,36) (4,37) 50
(5,36) (5,37) 38
(6,36) (6,37) 10
(7,36) (7,37) 70
(8,36) (8,37) 84
(9,36) (9,37) 63
(10,36) (10,37) 39
(11,36) (11,37) 66
(12,36) (12,37) 54
(13,36) (13,37) 96
(14,36) (14,37) 87
(15,36) (15,37) 21
(16,36) (16,37) 33
(17,36) (17,37) 32
(18,36) (18,37) 31
(19,36) (19,37) 80
(20,36) (20,37) 64
(21,36) (21,37) 48
(22,36) (22,37) 23
(23,36) (23,37) 92
(24,36) (24,37) 77
(25,36) (25,37) 15
(26,36) (26,37) 64
(27,36) (27,37) 35
(28,36) (28,37) 23
(29,36) (29,37) 43
(30,36) (30,37) 93
(31,36) (31,37) 91
(32,36) (32,37) 42
(33,36) (33,37) 93
(34,36) (34,37) 80
(35,36) (35,37) 6
(36,36) (36,37) 48
(37,36) (37,37) 48
(38,36) (38,37) 11
(39,36) (39,37) 18
(40,36) (40,37) 88
(1,37) (1,38) 89
(2,37) (2,38) 96
(3,37) (3,38) 25
(4,37) (4,38) 97
(5,37) (5,38) 39
(6,37) (6,38) 5
(7,37) (7,38) 49
(8,37) (8,38) 64
(9,37) (9,38) 54
(10,37) (10,38) 80
(11,37) (11,38) 21
(12,37) (12,38) 87
(13,37) (13,38) 51
(14,37) (14,38) 39
(15,37) (15,38) 60
(16,37) (16,38) 60
(17,37) (17,38) 70
(18,37) (18,38) 48
(19,37) (19,38) 96
(20,37) (20,38) 93
(21,37) (21,38) 64
(22,37) (22,38) 97
(23,37) (23,38) 32
(24,37) (24,38) 74
(25,37) (25,38) 17
(26,37) (26,38) 15
(27,37) (27,38) 63
(28,37) (28,38) 5
(29,37) (29,38) 65
(30,37) (30,38) 56
(31,37) (31,38) 92
(32,37) (32,38) 14
(33,37) (33,38) 43
(34,37) (34,38) 23
(35,37) (35,38) 17
(36,37) (36,38) 60
(37,37) (37,38) 83
(38,37) (38,38) 52
(39,37) (39,38) 100
(40,37) (40,38) 31
(1,38) (1,39) 1
(2,38) (2,39) 53
(3,38) (3,39) 78
(4,38) (4,39) 100
(5,38) (5,39) 42
(6,38) (6,39) 49
(7,38) (7,39) 52
(8,38) (8,39) 18
(9,38) (9,39) 47
(10,38) (10,39) 4
(11,38) (11,39) 81
(12,38) (12,39) 67
(13,38) (13,39) 87
(14,38) (14,39) 52
(15,38) (15,39) 42
(16,38) (16,39) 56
(17,38) (17,39) 90
(18,38) (18,39) 43
(19,38) (19,39) 69
(20,38) (20,39) 14
(21,38) (21,39) 48
(22,38) (22,39) 73
(23,38) (23,39) 59
(24,38) (24,39) 14
(25,38) (25,39) 72
(26,38) (26,39) 93
(27,38) (27,39) 36
(28,38) (28,39) 80
(29,38) (29,39) 13
(30,38) (30,39) 71
(31,38) (31,39) 29
(32,38) (32,39) 61
(33,38) (33,39) 39
(34,38) (34,39) 33
(35,38) (35,39) 82
(36,38) (36,39) 86
(37,38) (37,39) 58
(38,38) (38,39) 49
(39,38) (39,39) 80
(40,38) (40,39) 53
(1,39) (1,40) 65
(2,39) (2,40) 72
(3,39) (3,40) 39
(4,39) (4,40) 99
(5,39) (5,40) 71
(6,39) (6,40) 33
(7,39) (7,40) 16
(8,39) (8,40) 71
(9,39) (9,40) 66
(10,39) (10,40) 12
(11,39) (11,40) 100
(12,39) (12,40) 39
(13,39) (13,40) 78
(14,39) (14,40) 21
(15,39) (15,40) 72
(16,39) (16,40) 93
(17,39) (17,40) 15
(18,39) (18,40) 32
(19,39) (19,40) 18
(20,39) (20,40) 45
(21,39) (21,40) 7
(22,39) (22,40) 4
(23,39) (23,40) 90
(24,39) (24,40) 90
(25,39) (25,40) 25
(26,39) (26,40) 81
(27,39) (27,40) 74
(28,39) (28,40) 30
(29,39) (29,40) 11
(30,39) (30,40) 63
(31,39) (31,40) 52
(32,39) (32,40) 88
(33,39) (33,40) 20
(34,39) (34,40) 37
(35,39) (35,40) 33
(36,39) (36,40) 37
(37,39) (37,40) 56
(38,39) (38,40) 6
(39,39) (39,40) 95
(40,39) (40,40) 43
(1,1) (2,1) 84
(2,1) (1,1) 79
(2,1) (3,1) 4
(3,1) (2,1) 75
(3,1) (4,1) 22
(4,1) (3,1) 18
(4,1) (5,1) 71
(5,1) (4,1) 73
(5,1) (6,1) 90
(6,1) (5,1) 59
(6,1) (7,1) 69
(7,1) (6,1) 86
(7,1) (8,1) 81
(8,1) (7,1) 98
(8,1) (9,1) 93
(9,1) (8,1) 82
(9,1) (10,1) 63
(10,1) (9,1) 56
(10,1) (11,1) 20
(11,1) (10,1) 100
(11,1) (12,1) 32
(12,1) (11,1) 75
(12,1) (13,1) 55
(13,1) (12,1) 59
(13,1) (14,1) 15
(14,1) (13,1) 18
(14,1) (15,1) 95
(15,1) (14,1) 50
(15,1) (16,1) 35
(16,1) (15,1) 33
(16,1) (17,1) 19
(17,1) (16,1) 100
(17,1) (18,1) 55
(18,1) (17,1) 91
(18,1) (19,1) 82
(19,1) (18,1) 39
(19,1) (20,1) 61
(20,1) (19,1) 98
(20,1) (21,1) 64
(21,1) (20,1) 76
(21,1) (22,1) 32
(22,1) (21,1) 92
(22,1) (23,1) 3
(23,1) (22,1) 80
(23,1) (24,1) 18
(24,1) (23,1) 52
(24,1) (25,1) 75
(25,1) (24,1) 57
(25,1) (26,1) 53
(26,1) (25,1) 11
(26,1) (27,1) 50
(27,1) (26,1) 19
(27,1) (28,1) 34
(28,1) (27,1) 93
(28,1) (29,1) 14
(29,1) (28,1) 42
(29,1) (30,1) 56
(30,1) (29,1) 7
(30,1) (31,1) 13
(31,1) (30,1) 54
(31,1) (32,1) 15
(32,1) (31,1) 68
(32,1) (33,1) 68
(33,1) (32,1) 2
(33,1) (34,1) 25
(34,1) (33,1) 29
(34,1) (35,1) 29
(35,1) (34,1) 70
(35,1) (36,1) 3
(36,1) (35,1) 78
(36,1) (37,1) 70
(37,1) (36,1) 84
(37,1) (38,1) 25
(38,1) (37,1) 3
(38,1) (39,1) 59
(39,1) (38,1) 23
(39,1) (40,1) 19
(40,1) (39,1) 23
(1,2) (2,2) 67
(2,2) (1,2) 15
(2,2) (3,2) 83
(3,2) (2,2) 85
(3,2) (4,2) 92
(4,2) (3,2) 92
(4,2) (5,2) 12
(5,2) (4,2) 49
(5,2) (6,2) 61
(6,2) (5,2) 97
(6,2) (7,2) 86
(7,2) (6,2) 45
(7,2) (8,2) 100
(8,2) (7,2) 17
(8,2) (9,2) 81
(9,2) (8,2) 81
(9,2) (10,2) 5
(10,2) (9,2) 86
(10,2) (11,2) 93
(11,2) (10,2) 100
(11,2) (12,2) 66
(12,2) (11,2) 90
(12,2) (13,2) 31
(13,2) (12,2) 58
(13,2) (14,2) 15
(14,2) (13,2) 51
(14,2) (15,2) 85
(15,2) (14,2) 52
(15,2) (16,2) 1
(16,2) (15,2) 30
(16,2) (17,2) 15
(17,2) (16,2) 72
(17,2) (18,2) 23
(18,2) (17,2) 13
(18,2) (19,2) 94
(19,2) (18,2) 50
(19,2) (20,2) 20
(20,2) (19,2) 66
(20,2) (21,2) 27
(21,2) (20,2) 86
(21,2) (22,2) 68
(22,2) (21,2) 65
(22,2) (23,2) 53
(23,2) (22,2) 15
(23,2) (24,2) 3
(24,2) (23,2) 10
(24,2) (25,2) 69
(25,2) (24,2) 29
(25,2) (26,2) 68
(26,2) (25,2) 66
(26,2) (27,2) 79
(27,2) (26,2) 25
(27,2) (28,2) 79
(28,2) (27,2) 9
(28,2) (29,2) 53
(29,2) (28,2) 86
(29,2) (30,2) 9
(30,2) (29,2) 16
(30,2) (31,2) 32
(31,2) (30,2) 16
(31,2) (32,2) 50
(32,2) (31,2) 58
(32,2) (33,2) 27
(33,2) (32,2) 69
(33,2) (34,2) 13
(34,2) (33,2) 93
(34,2) (35,2) 24
(35,2) (34,2) 79
(35,2) (36,2) 16
(36,2) (35,2) 91
(36,2) (37,2) 58
(37,2) (36,2) 66
(37,2) (38,2) 82
(38,2) (37,2) 36
(38,2) (39,2) 9
(39,2) (38,2) 10
(39,2) (40,2) 26
(40,2) (39,2) 49
(1,3) (2,3) 90
(2,3) (1,3) 8
(2,3) (3,3) 87
(3,3) (2,3) 16
(3,3) (4,3) 90
(4,3) (3,3) 10
(4,3) (5,3) 42
(5,3) (4,3) 59
(5,3) (6,3) 47
(6,3) (5,3) 78
(6,3) (7,3) 1
(7,3) (6,3) 99
(7,3) (8,3) 6
(8,3) (7,3) 75
(8,3) (9,3) 25
(9,3) (8,3) 23
(9,3) (10,3) 70
(10,3) (9,3) 99
(10,3) (11,3) 98
(11,3) (10,3) 73
(11,3) (12,3) 26
(12,3) (11,3) 15
(12,3) (13,3) 47
(13,3) (12,3) 17
(13,3) (14,3) 46
(14,3) (13,3) 15
(14,3) (15,3) 97
(15,3) (14,3) 60
(15,3) (16,3) 90
(16,3) (15,3) 69
(16,3) (17,3) 10
(17,3) (16,3) 96
(17,3) (18,3) 1
(18,3) (17,3) 7
(18,3) (19,3) 15
(19,3) (18,3) 47
(19,3) (20,3) 16
(20,3) (19,3) 82
(20,3) (21,3) 55
(21,3) (20,3) 57
(21,3) (22,3) 74
(22,3) (21,3) 34
(22,3) (23,3) 10
(23,3) (22,3) 69
(23,3) (24,3) 35
(24,3) (23,3) 27
(24,3) (25,3) 42
(25,3) (24,3) 84
(25,3) (26,3) 57
(26,3) (25,3) 14
(26,3) (27,3) 93
(27,3) (26,3) 76
(27,3) (28,3) 17
(28,3) (27,3) 38
(28,3) (29,3) 25
(29,3) (28,3) 84
(29,3) (30,3) 55
(30,3) (29,3) 50
(30,3) (31,3) 3
(31,3) (30,3) 80
(31,3) (32,3) 92
(32,3) (31,3) 92
(32,3) (33,3) 85
(33,3) (32,3) 45
(33,3) (34,3) 89
(34,3) (33,3) 83
(34,3) (35,3) 95
(35,3) (34,3) 67
(35,3) (36,3) 12
(36,3) (35,3) 62
(36,3) (37,3) 52
(37,3) (36,3) 91
(37,3) (38,3) 32
(38,3) (37,3) 54
(38,3) (39,3) 22
(39,3) (38,3) 72
(39,3) (40,3) 99
(40,3) (39,3) 55
(1,4) (2,4) 13
(2,4) (1,4) 50
(2,4) (3,4) 8
(3,4) (2,4) 90
(3,4) (4,4) 68
(4,4) (3,4) 71
(4,4) (5,4) 95
(5,4) (4,4) 13
(5,4) (6,4) 63
(6,4) (5,4) 21
(6,4) (7,4) 24
(7,4) (6,4) 100
(7,4) (8,4) 85
(8,4) (7,4) 68
(8,4) (9,4) 7
(9,4) (8,4) 28
(9,4) (10,4) 90
(10,4) (9,4) 81
(10,4) (11,4) 2
(11,4) (10,4) 87
(11,4) (12,4) 13
(12,4) (11,4) 45
(12,4) (13,4) 86
(13,4) (12,4) 21
(13,4) (14,4) 87
(14,4) (13,4) 53
(14,4) (15,4) 37
(15,4) (14,4) 82
(15,4) (16,4) 23
(16,4) (15,4) 42
(16,4) (17,4) 78
(17,4) (16,4) 84
(17,4) (18,4) 99
(18,4) (17,4) 32
(18,4) (19,4) 94
(19,4) (18,4) 91
(19,4) (20,4) 5
(20,4) (19,4) 60
(20,4) (21,4) 93
(21,4) (20,4) 35
(21,4) (22,4) 16
(22,4) (21,4) 56
(22,4) (23,4) 1
(23,4) (22,4) 79
(23,4) (24,4) 54
(24,4) (23,4) 72
(24,4) (25,4) 63
(25,4) (24,4) 29
(25,4) (26,4) 42
(26,4) (25,4) 59
(26,4) (27,4) 78
(27,4) (26,4) 74
(27,4) (28,4) 11
(28,4) (27,4) 99
(28,4) (29,4) 50
(29,4) (28,4) 48
(29,4) (30,4) 87
(30,4) (29,4) 30
(30,4) (31,4) 12
(31,4) (30,4) 9
(31,4) (32,4) 54
(32,4) (31,4) 30
(32,4) (33,4) 60
(33,4) (32,4) 88
(33,4) (34,4) 11
(34,4) (33,4) 24
(34,4) (35,4) 51
(35,4) (34,4) 8
(35,4) (36,4) 9
(36,4) (35,4) 28
(36,4) (37,4) 100
(37,4) (36,4) 13
(37,4) (38,4) 84
(38,4) (37,4) 9
(38,4) (39,4) 39
(39,4) (38,4) 80
(39,4) (40,4) 68
(40,4) (39,4) 61
(1,5) (2,5) 36
(2,5) (1,5) 29
(2,5) (3,5) 3
(3,5) (2,5) 8
(3,5) (4,5) 34
(4,5) (3,5) 52
(4,5) (5,5) 34
(5,5) (4,5) 83
(5,5) (6,5) 40
(6,5) (5,5) 81
(6,5) (7,5) 40
(7,5) (6,5) 59
(7,5) (8,5) 66
(8,5) (7,5) 73
(8,5) (9,5) 39
(9,5) (8,5) 52
(9,5) (10,5) 89
(10,5) (9,5) 23
(10,5) (11,5) 73
(11,5) (10,5) 20
(11,5) (12,5) 20
(12,5) (11,5) 91
(12,5) (13,5) 56
(13,5) (12,5) 84
(13,5) (14,5) 78
(14,5) (13,5) 54
(14,5) (15,5) 84
(15,5) (14,5) 91
(15,5) (16,5) 46
(16,5) (15,5) 71
(16,5) (17,5) 89
(17,5) (16,5) 49
(17,5) (18,5) 50
(18,5) (17,5) 10
(18,5) (19,5) 28
(19,5) (18,5) 76
(19,5) (20,5) 21
(20,5) (19,5) 20
(20,5) (21,5) 13
(21,5) (20,5) 63
(21,5) (22,5) 100
(22,5) (21,5) 75
(22,5) (23,5) 27
(23,5) (22,5) 72
(23,5) (24,5) 54
(24,5) (23,5) 88
(24,5) (25,5) 29
(25,5) (24,5) 4
(25,5) (26,5) 49
(26,5) (25,5) 31
(26,5) (27,5) 34
(27,5) (26,5) 84
(27,5) (28,5) 45
(28,5) (27,5) 42
(28,5) (29,5) 38
(29,5) (28,5) 15
(29,5) (30,5) 21
(30,5) (29,5) 67
(30,5) (31,5) 26
(31,5) (30,5) 31
(31,5) (32,5) 37
(32,5) (31,5) 84
(32,5) (33,5) 74
(33,5) (32,5) 62
(33,5) (34,5) 57
(34,5) (33,5) 64
(34,5) (35,5) 53
(35,5) (34,5) 10
(35,5) (36,5) 28
(36,5) (35,5) 92
(36,5) (37,5) 70
(37,5) (36,5) 85
(37,5) (38,5) 22
(38,5) (37,5) 79
(38,5) (39,5) 11
(39,5) (38,5) 56
(39,5) (40,5) 49
(40,5) (39,5) 32
(1,6) (2,6) 6
(2,6) (1,6) 62
(2,6) (3,6) 12
(3,6) (2,6) 71
(3,6) (4,6) 81
(4,6) (3,6) 41
(4,6) (5,6) 25
(5,6) (4,6) 39
(5,6) (6,6) 82
(6,6) (5,6) 73
(6,6) (7,6) 75
(7,6) (6,6) 91
(7,6) (8,6) 100
(8,6) (7,6) 4
(8,6) (9,6) 52
(9,6) (8,6) 39
(9,6) (10,6) 10
(10,6) (9,6) 23
(10,6) (11,6) 1
(11,6) (10,6) 2
(11,6) (12,6) 38
(12,6) (11,6) 12
(12,6) (13,6) 74
(13,6) (12,6) 66
(13,6) (14,6) 27
(14,6) (13,6) 76
(14,6) (15,6) 62
(15,6) (14,6) 80
(15,6) (16,6) 16
(16,6) (15,6) 72
(16,6) (17,6) 30
(17,6) (16,6) 79
(17,6) (18,6) 8
(18,6) (17,6) 43
(18,6) (19,6) 14
(19,6) (18,6) 28
(19,6) (20,6) 62
(20,6) (19,6) 99
(20,6) (21,6) 60
(21,6) (20,6) 76
(21,6) (22,6) 69
(22,6) (21,6) 50
(22,6) (23,6) 70
(23,6) (22,6) 86
(23,6) (24,6) 66
(24,6) (23,6) 8
(24,6) (25,6) 64
(25,6) (24,6) 51
(25,6) (26,6) 39
(26,6) (25,6) 76
(26,6) (27,6) 63
(27,6) (26,6) 20
(27,6) (28,6) 28
(28,6) (27,6) 19
(28,6) (29,6) 25
(29,6) (28,6) 67
(29,6) (30,6) 97
(30,6) (29,6) 36
(30,6) (31,6) 64
(31,6) (30,6) 87
(31,6) (32,6) 10
(32,6) (31,6) 71
(32,6) (33,6) 46
(33,6) (32,6) 6
(33,6) (34,6) 84
(34,6) (33,6) 33
(34,6) (35,6) 43
(35,6) (34,6) 60
(35,6) (36,6) 53
(36,6) (35,6) 34
(36,6) (37,6) 91
(37,6) (36,6) 10
(37,6) (38,6) 3
(38,6) (37,6) 14
(38,6) (39,6) 80
(39,6) (38,6) 81
(39,6) (40,6) 62
(40,6) (39,6) 68
(1,7) (2,7) 1
(2,7) (1,7) 58
(2,7) (3,7) 59
(3,7) (2,7) 57
(3,7) (4,7) 93
(4,7) (3,7) 7
(4,7) (5,7) 26
(5,7) (4,7) 6
(5,7) (6,7) 5
(6,7) (5,7) 56
(6,7) (7,7) 96
(7,7) (6,7) 86
(7,7) (8,7) 100
(8,7) (7,7) 19
(8,7) (9,7) 22
(9,7) (8,7) 74
(9,7) (10,7) 85
(10,7) (9,7) 89
(10,7) (11,7) 30
(11,7) (10,7) 6
(11,7) (12,7) 100
(12,7) (11,7) 99
(12,7) (13,7) 91
(13,7) (12,7) 37
(13,7) (14,7) 46
(14,7) (13,7) 38
(14,7) (15,7) 100
(15,7) (14,7) 34
(15,7) (16,7) 3
(16,7) (15,7) 51
(16,7) (17,7) 74
(17,7) (16,7) 47
(17,7) (18,7) 74
(18,7) (17,7) 94
(18,7) (19,7) 23
(19,7) (18,7) 82
(19,7) (20,7) 20
(20,7) (19,7) 42
(20,7) (21,7) 48
(21,7) (20,7) 63
(21,7) (22,7) 47
(22,7) (21,7) 39
(22,7) (23,7) 52
(23,7) (22,7) 32
(23,7) (24,7) 14
(24,7) (23,7) 8
(24,7) (25,7) 23
(25,7) (24,7) 45
(25,7) (26,7) 22
(26,7) (25,7) 28
(26,7) (27,7) 33
(27,7) (26,7) 81
(27,7) (28,7) 35
(28,7) (27,7) 92
(28,7) (29,7) 95
(29,7) (28,7) 57
(29,7) (30,7) 28
(30,7) (29,7) 90
(30,7) (31,7) 60
(31,7) (30,7) 72
(31,7) (32,7) 82
(32,7) (31,7) 61
(32,7) (33,7) 49
(33,7) (32,7) 3
(33,7) (34,7) 48
(34,7) (33,7) 85
(34,7) (35,7) 23
(35,7) (34,7) 76
(35,7) (36,7) 12
(36,7) (35,7) 62
(36,7) (37,7) 67
(37,7) (36,7) 42
(37,7) (38,7) 10
(38,7) (37,7) 1
(38,7) (39,7) 64
(39,7) (38,7) 36
(39,7) (40,7) 54
(40,7) (39,7) 99
(1,8) (2,8) 94
(2,8) (1,8) 39
(2,8) (3,8) 73
(3,8) (2,8) 91
(3,8) (4,8) 18
(4,8) (3,8) 42
(4,8) (5,8) 49
(5,8) (4,8) 43
(5,8) (6,8) 1
(6,8) (5,8) 33
(6,8) (7,8) 66
(7,8) (6,8) 27
(7,8) (8,8) 30
(8,8) (7,8) 18
(8,8) (9,8) 92
(9,8) (8,8) 62
(9,8) (10,8) 44
(10,8) (9,8) 17
(10,8) (11,8) 34
(11,8) (10,8) 37
(11,8) (12,8) 7
(12,8) (11,8) 34
(12,8) (13,8) 78
(13,8) (12,8) 94
(13,8) (14,8) 46
(14,8) (13,8) 49
(14,8) (15,8) 19
(15,8) (14,8) 2
(15,8) (16,8) 58
(16,8) (15,8) 69
(16,8) (17,8) 97
(17,8) (16,8) 51
(17,8) (18,8) 85
(18,8) (17,8) 38
(18,8) (19,8) 79
(19,8) (18,8) 34
(19,8) (20,8) 33
(20,8) (19,8) 89
(20,8) (21,8) 19
(21,8) (20,8) 68
(21,8) (22,8) 50
(22,8) (21,8) 19
(22,8) (23,8) 35
(23,8) (22,8) 20
(23,8) (24,8) 43
(24,8) (23,8) 91
(24,8) (25,8) 63
(25,8) (24,8) 74
(25,8) (26,8) 54
(26,8) (25,8) 92
(26,8) (27,8) 29
(27,8) (26,8) 47
(27,8) (28,8) 98
(28,8) (27,8) 67
(28,8) (29,8) 60
(29,8) (28,8) 26
(29,8) (30,8) 73
(30,8) (29,8) 74
(30,8) (31,8) 94
(31,8) (30,8) 85
(31,8) (32,8) 68
(32,8) (31,8) 59
(32,8) (33,8) 37
(33,8) (32,8) 1
(33,8) (34,8) 90
(34,8) (33,8) 47
(34,8) (35,8) 48
(35,8) (34,8) 76
(35,8) (36,8) 54
(36,8) (35,8) 47
(36,8) (37,8) 83
(37,8) (36,8) 5
(37,8) (38,8) 77
(38,8) (37,8) 64
(38,8) (39,8) 12
(39,8) (38,8) 7
(39,8) (40,8) 71
(40,8) (39,8) 67
(1,9) (2,9) 10
(2,9) (1,9) 66
(2,9) (3,9) 71
(3,9) (2,9) 29
(3,9) (4,9) 52
(4,9) (3,9) 3
(4,9) (5,9) 25
(5,9) (4,9) 37
(5,9) (6,9) 100
(6,9) (5,9) 91
(6,9) (7,9) 81
(7,9) (6,9) 85
(7,9) (8,9) 62
(8,9) (7,9) 48
(8,9) (9,9) 86
(9,9) (8,9) 70
(9,9) (10,9) 59
(10,9) (9,9) 20
(10,9) (11,9) 48
(11,9) (10,9) 61
(11,9) (12,9) 19
(12,9) (11,9) 11
(12,9) (13,9) 13
(13,9) (12,9) 54
(13,9) (14,9) 18
(14,9) (13,9) 43
(14,9) (15,9) 94
(15,9) (14,9) 83
(15,9) (16,9) 4
(16,9) (15,9) 71
(16,9) (17,9) 2
(17,9) (16,9) 90
(17,9) (18,9) 21
(18,9) (17,9) 69
(18,9) (19,9) 3
(19,9) (18,9) 48
(19,9) (20,9) 52
(20,9) (19,9) 53
(20,9) (21,9) 72
(21,9) (20,9) 11
(21,9) (22,9) 44
(22,9) (21,9) 8
(22,9) (23,9) 96
(23,9) (22,9) 16
(23,9) (24,9) 64
(24,9) (23,9) 22
(24,9) (25,9) 90
(25,9) (24,9) 94
(25,9) (26,9) 11
(26,9) (25,9) 84
(26,9) (27,9) 64
(27,9) (26,9) 58
(27,9) (28,9) 84
(28,9) (27,9) 69
(28,9) (29,9) 5
(29,9) (28,9) 24
(29,9) (30,9) 21
(30,9) (29,9) 100
(30,9) (31,9) 1
(31,9) (30,9) 10
(31,9) (32,9) 32
(32,9) (31,9) 99
(32,9) (33,9) 43
(33,9) (32,9) 60
(33,9) (34,9) 88
(34,9) (33,9) 92
(34,9) (35,9) 87
(35,9) (34,9) 1
(35,9) (36,9) 8
(36,9) (35,9) 33
(36,9) (37,9) 91
(37,9) (36,9) 66
(37,9) (38,9) 81
(38,9) (37,9) 89
(38,9) (39,9) 48
(39,9) (38,9) 92
(39,9) (40,9) 35
(40,9) (39,9) 26
(1,10) (2,10) 66
(2,10) (1,10) 44
(2,10) (3,10) 30
(3,10) (2,10) 2
(3,10) (4,10) 44
(4,10) (3,10) 75
(4,10) (5,10) 48
(5,10) (4,10) 80
(5,10) (6,10) 75
(6,10) (5,10) 72
(6,10) (7,10) 58
(7,10) (6,10) 31
(7,10) (8,10) 71
(8,10) (7,10) 30
(8,10) (9,10) 16
(9,10) (8,10) 17
(9,10) (10,10) 11
(10,10) (9,10) 42
(10,10) (11,10) 94
(11,10) (10,10) 66
(11,10) (12,10) 69
(12,10) (11,10) 91
(12,10) (13,10) 89
(13,10) (12,10) 47
(13,10) (14,10) 18
(14,10) (13,10) 12
(14,10) (15,10) 8
(15,10) (14,10) 19
(15,10) (16,10) 9
(16,10) (15,10) 40
(16,10) (17,10) 35
(17,10) (16,10) 26
(17,10) (18,10) 35
(18,10) (17,10) 78
(18,10) (19,10) 62
(19,10) (18,10) 29
(19,10) (20,10) 18
(20,10) (19,10) 79
(20,10) (21,10) 31
(21,10) (20,10) 10
(21,10) (22,10) 19
(22,10) (21,10) 14
(22,10) (23,10) 99
(23,10) (22,10) 57
(23,10) (24,10) 59
(24,10) (23,10) 66
(24,10) (25,10) 54
(25,10) (24,10) 47
(25,10) (26,10) 6
(26,10) (25,10) 63
(26,10) (27,10) 57
(27,10) (26,10) 95
(27,10) (28,10) 12
(28,10) (27,10) 10
(28,10) (29,10) 14
(29,10) (28,10) 95
(29,10) (30,10) 60
(30,10) (29,10) 71
(30,10) (31,10) 83
(31,10) (30,10) 50
(31,10) (32,10) 21
(32,10) (31,10) 46
(32,10) (33,10) 58
(33,10) (32,10) 16
(33,10) (34,10) 5
(34,10) (33,10) 38
(34,10) (35,10) 69
(35,10) (34,10) 54
(35,10) (36,10) 74
(36,10) (35,10) 87
(36,10) (37,10) 12
(37,10) (36,10) 20
(37,10) (38,10) 17
(38,10) (37,10) 98
(38,10) (39,10) 54
(39,10) (38,10) 21
(39,10) (40,10) 5
(40,10) (39,10) 31
(1,11) (2,11) 13
(2,11) (1,11) 95
(2,11) (3,11) 100
(3,11) (2,11) 27
(3,11) (4,11) 8
(4,11) (3,11) 32
(4,11) (5,11) 73
(5,11) (4,11) 52
(5,11) (6,11) 76
(6,11) (5,11) 37
(6,11) (7,11) 94
(7,11) (6,11) 54
(7,11) (8,11) 60
(8,11) (7,11) 81
(8,11) (9,11) 26
(9,11) (8,11) 7
(9,11) (10,11) 13
(10,11) (9,11) 45
(10,11) (11,11) 48
(11,11) (10,11) 35
(11,11) (12,11) 65
(12,11) (11,11) 76
(12,11) (13,11) 14
(13,11) (12,11) 55
(13,11) (14,11) 64
(14,11) (13,11) 46
(14,11) (15,11) 88
(15,11) (14,11) 84
(15,11) (16,11) 5
(16,11) (15,11) 15
(16,11) (17,11) 45
(17,11) (16,11) 89
(17,11) (18,11) 47
(18,11) (17,11) 47
(18,11) (19,11) 37
(19,11) (18,11) 14
(19,11) (20,11) 47
(20,11) (19,11) 68
(20,11) (21,11) 82
(21,11) (20,11) 79
(21,11) (22,11) 63
(22,11) (21,11) 76
(22,11) (23,11) 24
(23,11) (22,11) 64
(23,11) (24,11) 9
(24,11) (23,11) 48
(24,11) (25,11) 75
(25,11) (24,11) 63
(25,11) (26,11) 78
(26,11) (25,11) 82
(26,11) (27,11) 79
(27,11) (26,11) 25
(27,11) (28,11) 55
(28,11) (27,11) 51
(28,11) (29,11) 40
(29,11) (28,11) 66
(29,11) (30,11) 34
(30,11) (29,11) 88
(30,11) (31,11) 30
(31,11) (30,11) 21
(31,11) (32,11) 30
(32,11) (31,11) 68
(32,11) (33,11) 72
(33,11) (32,11) 31
(33,11) (34,11) 24
(34,11) (33,11) 36
(34,11) (35,11) 32
(35,11) (34,11) 56
(35,11) (36,11) 74
(36,11) (35,11) 84
(36,11) (37,11) 54
(37,11) (36,11) 23
(37,11) (38,11) 86
(38,11) (37,11) 86
(38,11) (39,11) 10
(39,11) (38,11) 52
(39,11) (40,11) 64
(40,11) (39,11) 7
(1,12) (2,12) 33
(2,12) (1,12) 25
(2,12) (3,12) 57
(3,12) (2,12) 17
(3,12) (4,12) 24
(4,12) (3,12) 28
(4,12) (5,12) 60
(5,12) (4,12) 80
(5,12) (6,12) 99
(6,12) (5,12) 17
(6,12) (7,12) 15
(7,12) (6,12) 34
(7,12) (8,12) 13
(8,12) (7,12) 75
(8,12) (9,12) 71
(9,12) (8,12) 44
(9,12) (10,12) 49
(10,12) (9,12) 14
(10,12) (11,12) 17
(11,12) (10,12) 74
(11,12) (12,12) 30
(12,12) (11,12) 77
(12,12) (13,12) 45
(13,12) (12,12) 71
(13,12) (14,12) 69
(14,12) (13,12) 98
(14,12) (15,12) 13
(15,12) (14,12) 13
(15,12) (16,12) 47
(16,12) (15,12) 15
(16,12) (17,12) 60
(17,12) (16,12) 59
(17,12) (18,12) 70
(18,12) (17,12) 14
(18,12) (19,12) 74
(19,12) (18,12) 7
(19,12) (20,12) 33
(20,12) (19,12) 81
(20,12) (21,12) 70
(21,12) (20,12) 50
(21,12) (22,12) 68
(22,12) (21,12) 80
(22,12) (23,12) 62
(23,12) (22,12) 96
(23,12) (24,12) 78
(24,12) (23,12) 44
(24,12) (25,12) 55
(25,12) (24,12) 37
(25,12) (26,12) 33
(26,12) (25,12) 6
(26,12) (27,12) 62
(27,12) (26,12) 13
(27,12) (28,12) 71
(28,12) (27,12) 89
(28,12) (29,12) 12
(29,12) (28,12) 73
(29,12) (30,12) 59
(30,12) (29,12) 30
(30,12) (31,12) 58
(31,12) (30,12) 62
(31,12) (32,12) 64
(32,12) (31,12) 34
(32,12) (33,12) 96
(33,12) (32,12) 28
(33,12) (34,12) 56
(34,12) (33,12) 46
(34,12) (35,12) 35
(35,12) (34,12) 55
(35,12) (36,12) 94
(36,12) (35,12) 86
(36,12) (37,12) 7
(37,12) (36,12) 38
(37,12) (38,12) 41
(38,12) (37,12) 90
(38,12) (39,12) 44
(39,12) (38,12) 62
(39,12) (40,12) 32
(40,12) (39,12) 75
(1,13) (2,13) 97
(2,13) (1,13) 62
(2,13) (3,13) 38
(3,13) (2,13) 95
(3,13) (4,13) 94
(4,13) (3,13) 41
(4,13) (5,13) 59
(5,13) (4,13) 89
(5,13) (6,13) 75
(6,13) (5,13) 99
(6,13) (7,13) 17
(7,13) (6,13) 47
(7,13) (8,13) 70
(8,13) (7,13) 73
(8,13) (9,13) 41
(9,13) (8,13) 46
(9,13) (10,13) 42
(10,13) (9,13) 45
(10,13) (11,13) 83
(11,13) (10,13) 4
(11,13) (12,13) 35
(12,13) (11,13) 27
(12,13) (13,13) 89
(13,13) (12,13) 93
(13,13) (14,13) 54
(14,13) (13,13) 19
(14,13) (15,13) 60
(15,13) (14,13) 80
(15,13) (16,13) 92
(16,13) (15,13) 72
(16,13) (17,13) 41
(17,13) (16,13) 76
(17,13) (18,13) 71
(18,13) (17,13) 8
(18,13) (19,13) 74
(19,13) (18,13) 16
(19,13) (20,13) 62
(20,13) (19,13) 93
(20,13) (21,13) 37
(21,13) (20,13) 40
(21,13) (22,13) 30
(22,13) (21,13) 24
(22,13) (23,13) 42
(23,13) (22,13) 63
(23,13) (24,13) 87
(24,13) (23,13) 59
(24,13) (25,13) 74
(25,13) (24,13) 77
(25,13) (26,13) 65
(26,13) (25,13) 10
(26,13) (27,13) 81
(27,13) (26,13) 29
(27,13) (28,13) 32
(28,13) (27,13) 58
(28,13) (29,13) 68
(29,13) (28,13) 29
(29,13) (30,13) 90
(30,13) (29,13) 65
(30,13) (31,13) 88
(31,13) (30,13) 18
(31,13) (32,13) 99
(32,13) (31,13) 21
(32,13) (33,13) 27
(33,13) (32,13) 83
(33,13) (34,13) 100
(34,13) (33,13) 41
(34,13) (35,13) 64
(35,13) (34,13) 33
(35,13) (36,13) 5
(36,13) (35,13) 55
(36,13) (37,13) 87
(37,13) (36,13) 42
(37,13) (38,13) 73
(38,13) (37,13) 49
(38,13) (39,13) 63
(39,13) (38,13) 44
(39,13) (40,13) 37
(40,13) (39,13) 2
(1,14) (2,14) 71
(2,14) (1,14) 5
(2,14) (3,14) 1
(3,14) (2,14) 68
(3,14) (4,14) 76
(4,14) (3,14) 92
(4,14) (5,14) 90
(5,14) (4,14) 48
(5,14) (6,14) 73
(6,14) (5,14) 62
(6,14) (7,14) 13
(7,14) (6,14) 65
(7,14) (8,14) 42
(8,14) (7,14) 59
(8,14) (9,14) 89
(9,14) (8,14) 62
(9,14) (10,14) 63
(10,14) (9,14) 49
(10,14) (11,14) 60
(11,14) (10,14) 48
(11,14) (12,14) 77
(12,14) (11,14) 88
(12,14) (13,14) 72
(13,14) (12,14) 10
(13,14) (14,14) 43
(14,14) (13,14) 15
(14,14) (15,14) 61
(15,14) (14,14) 93
(15,14) (16,14) 66
(16,14) (15,14) 74
(16,14) (17,14) 39
(17,14) (16,14) 58
(17,14) (18,14) 91
(18,14) (17,14) 1
(18,14) (19,14) 97
(19,14) (18,14) 34
(19,14) (20,14) 95
(20,14) (19,14) 86
(20,14) (21,14) 66
(21,14) (20,14) 100
(21,14) (22,14) 41
(22,14) (21,14) 64
(22,14) (23,14) 37
(23,14) (22,14) 91
(23,14) (24,14) 17
(24,14) (23,14) 96
(24,14) (25,14) 9
(25,14) (24,14) 56
(25,14) (26,14) 73
(26,14) (25,14) 12
(26,14) (27,14) 22
(27,14) (26,14) 98
(27,14) (28,14) 72
(28,14) (27,14) 99
(28,14) (29,14) 34
(29,14) (28,14) 1
(29,14) (30,14) 14
(30,14) (29,14) 15
(30,14) (31,14) 52
(31,14) (30,14) 20
(31,14) (32,14) 33
(32,14) (31,14) 75
(32,14) (33,14) 26
(33,14) (32,14) 69
(33,14) (34,14) 63
(34,14) (33,14) 49
(34,14) (35,14) 51
(35,14) (34,14) 52
(35,14) (36,14) 51
(36,14) (35,14) 95
(36,14) (37,14) 79
(37,14) (36,14) 35
(37,14) (38,14) 7
(38,14) (37,14) 43
(38,14) (39,14) 4
(39,14) (38,14) 5
(39,14) (40,14) 45
(40,14) (39,14) 65
(1,15) (2,15) 79
(2,15) (1,15) 9
(2,15) (3,15) 20
(3,15) (2,15) 30
(3,15) (4,15) 96
(4,15) (3,15) 50
(4,15) (5,15) 77
(5,15) (4,15) 94
(5,15) (6,15) 56
(6,15) (5,15) 90
(6,15) (7,15) 71
(7,15) (6,15) 34
(7,15) (8,15) 75
(8,15) (7,15) 71
(8,15) (9,15) 32
(9,15) (8,15) 85
(9,15) (10,15) 53
(10,15) (9,15) 30
(10,15) (11,15) 59
(11,15) (10,15) 78
(11,15) (12,15) 22
(12,15) (11,15) 11
(12,15) (13,15) 26
(13,15) (12,15) 27
(13,15) (14,15) 70
(14,15) (13,15) 66
(14,15) (15,15) 54
(15,15) (14,15) 96
(15,15) (16,15) 53
(16,15) (15,15) 9
(16,15) (17,15) 22
(17,15) (16,15) 21
(17,15) (18,15) 72
(18,15) (17,15) 14
(18,15) (19,15) 9
(19,15) (18,15) 30
(19,15) (20,15) 57
(20,15) (19,15) 5
(20,15) (21,15) 36
(21,15) (20,15) 87
(21,15) (22,15) 17
(22,15) (21,15) 15
(22,15) (23,15) 68
(23,15) (22,15) 69
(23,15) (24,15) 38
(24,15) (23,15) 82
(24,15) (25,15) 33
(25,15) (24,15) 32
(25,15) (26,15) 81
(26,15) (25,15) 57
(26,15) (27,15) 79
(27,15) (26,15) 30
(27,15) (28,15) 30
(28,15) (27,15) 62
(28,15) (29,15) 42
(29,15) (28,15) 97
(29,15) (30,15) 91
(30,15) (29,15) 75
(30,15) (31,15) 1
(31,15) (30,15) 69
(31,15) (32,15) 16
(32,15) (31,15) 99
(32,15) (33,15) 69
(33,15) (32,15) 85
(33,15) (34,15) 52
(34,15) (33,15) 31
(34,15) (35,15) 85
(35,15) (34,15) 56
(35,15) (36,15) 85
(36,15) (35,15) 22
(36,15) (37,15) 2
(37,15) (36,15) 64
(37,15) (38,15) 62
(38,15) (37,15) 97
(38,15) (39,15) 43
(39,15) (38,15) 19
(39,15) (40,15) 90
(40,15) (39,15) 87
(1,16) (2,16) 10
(2,16) (1,16) 50
(2,16) (3,16) 89
(3,16) (2,16) 29
(3,16) (4,16) 50
(4,16) (3,16) 67
(4,16) (5,16) 35
(5,16) (4,16) 26
(5,16) (6,16) 22
(6,16) (5,16) 42
(6,16) (7,16) 37
(7,16) (6,16) 79
(7,16) (8,16) 41
(8,16) (7,16) 88
(8,16) (9,16) 65
(9,16) (8,16) 14
(9,16) (10,16) 45
(10,16) (9,16) 1
(10,16) (11,16) 26
(11,16) (10,16) 16
(11,16) (12,16) 73
(12,16) (11,16) 84
(12,16) (13,16) 80
(13,16) (12,16) 33
(13,16) (14,16) 37
(14,16) (13,16) 53
(14,16) (15,16) 78
(15,16) (14,16) 100
(15,16) (16,16) 9
(16,16) (15,16) 60
(16,16) (17,16) 25
(17,16) (16,16) 72
(17,16) (18,16) 34
(18,16) (17,16) 20
(18,16) (19,16) 70
(19,16) (18,16) 72
(19,16) (20,16) 98
(20,16) (19,16) 4
(20,16) (21,16) 57
(21,16) (20,16) 54
(21,16) (22,16) 99
(22,16) (21,16) 17
(22,16) (23,16) 13
(23,16) (22,16) 82
(23,16) (24,16) 18
(24,16) (23,16) 56
(24,16) (25,16) 79
(25,16) (24,16) 10
(25,16) (26,16) 98
(26,16) (25,16) 80
(26,16) (27,16) 26
(27,16) (26,16) 33
(27,16) (28,16) 80
(28,16) (27,16) 83
(28,16) (29,16) 46
(29,16) (28,16) 95
(29,16) (30,16) 20
(30,16) (29,16) 32
(30,16) (31,16) 46
(31,16) (30,16) 96
(31,16) (32,16) 69
(32,16) (31,16) 12
(32,16) (33,16) 56
(33,16) (32,16) 69
(33,16) (34,16) 41
(34,16) (33,16) 45
(34,16) (35,16) 59
(35,16) (34,16) 12
(35,16) (36,16) 5
(36,16) (35,16) 36
(36,16) (37,16) 64
(37,16) (36,16) 30
(37,16) (38,16) 52
(38,16) (37,16) 3
(38,16) (39,16) 30
(39,16) (38,16) 56
(39,16) (40,16) 52
(40,16) (39,16) 53
(1,17) (2,17) 80
(2,17) (1,17) 64
(2,17) (3,17) 29
(3,17) (2,17) 27
(3,17) (4,17) 54
(4,17) (3,17) 30
(4,17) (5,17) 45
(5,17) (4,17) 15
(5,17) (6,17) 95
(6,17) (5,17) 23
(6,17) (7,17) 32
(7,17) (6,17) 58
(7,17) (8,17) 9
(8,17) (7,17) 25
(8,17) (9,17) 9
(9,17) (8,17) 7
(9,17) (10,17) 32
(10,17) (9,17) 33
(10,17) (11,17) 36
(11,17) (10,17) 15
(11,17) (12,17) 29
(12,17) (11,17) 14
(12,17) (13,17) 68
(13,17) (12,17) 46
(13,17) (14,17) 64
(14,17) (13,17) 27
(14,17) (15,17) 97
(15,17) (14,17) 96
(15,17) (16,17) 49
(16,17) (15,17) 81
(16,17) (17,17) 2
(17,17) (16,17) 19
(17,17) (18,17) 71
(18,17) (17,17) 7
(18,17) (19,17) 40
(19,17) (18,17) 45
(19,17) (20,17) 27
(20,17) (19,17) 99
(20,17) (21,17) 71
(21,17) (20,17) 90
(21,17) (22,17) 71
(22,17) (21,17) 2
(22,17) (23,17) 91
(23,17) (22,17) 66
(23,17) (24,17) 72
(24,17) (23,17) 7
(24,17) (25,17) 87
(25,17) (24,17) 5
(25,17) (26,17) 47
(26,17) (25,17) 24
(26,17) (27,17) 42
(27,17) (26,17) 63
(27,17) (28,17) 36
(28,17) (27,17) 10
(28,17) (29,17) 30
(29,17) (28,17) 27
(29,17) (30,17) 1
(30,17) (29,17) 9
(30,17) (31,17) 62
(31,17) (30,17) 79
(31,17) (32,17) 97
(32,17) (31,17) 53
(32,17) (33,17) 29
(33,17) (32,17) 87
(33,17) (34,17) 56
(34,17) (33,17) 35
(34,17) (35,17) 81
(35,17) (34,17) 15
(35,17) (36,17) 76
(36,17) (35,17) 71
(36,17) (37,17) 99
(37,17) (36,17) 11
(37,17) (38,17) 98
(38,17) (37,17) 3
(38,17) (39,17) 48
(39,17) (38,17) 18
(39,17) (40,17) 67
(40,17) (39,17) 9
(1,18) (2,18) 32
(2,18) (1,18) 31
(2,18) (3,18) 19
(3,18) (2,18) 23
(3,18) (4,18) 67
(4,18) (3,18) 33
(4,18) (5,18) 75
(5,18) (4,18) 60
(5,18) (6,18) 65
(6,18) (5,18) 80
(6,18) (7,18) 23
(7,18) (6,18) 34
(7,18) (8,18) 52
(8,18) (7,18) 45
(8,18) (9,18) 38
(9,18) (8,18) 47
(9,18) (10,18) 57
(10,18) (9,18) 43
(10,18) (11,18) 3
(11,18) (10,18) 49
(11,18) (12,18) 4
(12,18) (11,18) 73
(12,18) (13,18) 22
(13,18) (12,18) 80
(13,18) (14,18) 81
(14,18) (13,18) 58
(14,18) (15,18) 88
(15,18) (14,18) 6
(15,18) (16,18) 51
(16,18) (15,18) 67
(16,18) (17,18) 57
(17,18) (16,18) 5
(17,18) (18,18) 48
(18,18) (17,18) 39
(18,18) (19,18) 58
(19,18) (18,18) 85
(19,18) (20,18) 28
(20,18) (19,18) 64
(20,18) (21,18) 74
(21,18) (20,18) 24
(21,18) (22,18) 79
(22,18) (21,18) 98
(22,18) (23,18) 94
(23,18) (22,18) 44
(23,18) (24,18) 58
(24,18) (23,18) 70
(24,18) (25,18) 58
(25,18) (24,18) 49
(25,18) (26,18) 58
(26,18) (25,18) 37
(26,18) (27,18) 36
(27,18) (26,18) 29
(27,18) (28,18) 47
(28,18) (27,18) 43
(28,18) (29,18) 100
(29,18) (28,18) 48
(29,18) (30,18) 88
(30,18) (29,18) 43
(30,18) (31,18) 93
(31,18) (30,18) 92
(31,18) (32,18) 21
(32,18) (31,18) 33
(32,18) (33,18) 86
(33,18) (32,18) 2
(33,18) (34,18) 31
(34,18) (33,18) 99
(34,18) (35,18) 41
(35,18) (34,18) 95
(35,18) (36,18) 27
(36,18) (35,18) 37
(36,18) (37,18) 78
(37,18) (36,18) 2
(37,18) (38,18) 21
(38,18) (37,18) 75
(38,18) (39,18) 14
(39,18) (38,18) 23
(39,18) (40,18) 4
(40,18) (39,18) 94
(1,19) (2,19) 51
(2,19) (1,19) 57
(2,19) (3,19) 55
(3,19) (2,19) 24
(3,19) (4,19) 95
(4,19) (3,19) 73
(4,19) (5,19) 32
(5,19) (4,19) 84
(5,19) (6,19) 31
(6,19) (5,19) 29
(6,19) (7,19) 13
(7,19) (6,19) 34
(7,19) (8,19) 89
(8,19) (7,19) 40
(8,19) (9,19) 24
(9,19) (8,19) 47
(9,19) (10,19) 91
(10,19) (9,19) 43
(10,19) (11,19) 72
(11,19) (10,19) 82
(11,19) (12,19) 37
(12,19) (11,19) 8
(12,19) (13,19) 50
(13,19) (12,19) 3
(13,19) (14,19) 39
(14,19) (13,19) 18
(14,19) (15,19) 67
(15,19) (14,19) 13
(15,19) (16,19) 7
(16,19) (15,19) 74
(16,19) (17,19) 86
(17,19) (16,19) 88
(17,19) (18,19) 41
(18,19) (17,19) 77
(18,19) (19,19) 62
(19,19) (18,19) 8
(19,19) (20,19) 92
(20,19) (19,19) 88
(20,19) (21,19) 98
(21,19) (20,19) 21
(21,19) (22,19) 22
(22,19) (21,19) 89
(22,19) (23,19) 13
(23,19) (22,19) 48
(23,19) (24,19) 81
(24,19) (23,19) 35
(24,19) (25,19) 39
(25,19) (24,19) 54
(25,19) (26,19) 48
(26,19) (25,19) 89
(26,19) (27,19) 52
(27,19) (26,19) 36
(27,19) (28,19) 29
(28,19) (27,19) 76
(28,19) (29,19) 69
(29,19) (28,19) 19
(29,19) (30,19) 56
(30,19) (29,19) 20
(30,19) (31,19) 48
(31,19) (30,19) 47
(31,19) (32,19) 66
(32,19) (31,19) 73
(32,19) (33,19) 5
(33,19) (32,19) 76
(33,19) (34,19) 33
(34,19) (33,19) 7
(34,19) (35,19) 49
(35,19) (34,19) 13
(35,19) (36,19) 47
(36,19) (35,19) 87
(36,19) (37,19) 38
(37,19) (36,19) 65
(37,19) (38,19) 83
(38,19) (37,19) 89
(38,19) (39,19) 5
(39,19) (38,19) 3
(39,19) (40,19) 23
(40,19) (39,19) 32
(1,20) (2,20) 39
(2,20) (1,20) 61
(2,20) (3,20) 20
(3,20) (2,20) 29
(3,20) (4,20) 55
(4,20) (3,20) 29
(4,20) (5,20) 100
(5,20) (4,20) 40
(5,20) (6,20) 46
(6,20) (5,20) 57
(6,20) (7,20) 94
(7,20) (6,20) 35
(7,20) (8,20) 17
(8,20) (7,20) 22
(8,20) (9,20) 89
(9,20) (8,20) 57
(9,20) (10,20) 84
(10,20) (9,20) 16
(10,20) (11,20) 2
(11,20) (10,20) 64
(11,20) (12,20) 85
(12,20) (11,20) 55
(12,20) (13,20) 32
(13,20) (12,20) 28
(13,20) (14,20) 83
(14,20) (13,20) 6
(14,20) (15,20) 50
(15,20) (14,20) 9
(15,20) (16,20) 72
(16,20) (15,20) 85
(16,20) (17,20) 8
(17,20) (16,20) 87
(17,20) (18,20) 30
(18,20) (17,20) 86
(18,20) (19,20) 68
(19,20) (18,20) 53
(19,20) (20,20) 17
(20,20) (19,20) 94
(20,20) (21,20) 12
(21,20) (20,20) 19
(21,20) (22,20) 11
(22,20) (21,20) 77
(22,20) (23,20) 16
(23,20) (22,20) 81
(23,20) (24,20) 98
(24,20) (23,20) 28
(24,20) (25,20) 97
(25,20) (24,20) 5
(25,20) (26,20) 80
(26,20) (25,20) 6
(26,20) (27,20) 25
(27,20) (26,20) 88
(27,20) (28,20) 37
(28,20) (27,20) 39
(28,20) (29,20) 31
(29,20) (28,20) 86
(29,20) (30,20) 25
(30,20) (29,20) 33
(30,20) (31,20) 96
(31,20) (30,20) 65
(31,20) (32,20) 57
(32,20) (31,20) 73
(32,20) (33,20) 44
(33,20) (32,20) 5
(33,20) (34,20) 75
(34,20) (33,20) 18
(34,20) (35,20) 31
(35,20) (34,20) 70
(35,20) (36,20) 10
(36,20) (35,20) 53
(36,20) (37,20) 83
(37,20) (36,20) 49
(37,20) (38,20) 39
(38,20) (37,20) 74
(38,20) (39,20) 15
(39,20) (38,20) 32
(39,20) (40,20) 27
(40,20) (39,20) 54
(1,21) (2,21) 94
(2,21) (1,21) 26
(2,21) (3,21) 39
(3,21) (2,21) 18
(3,21) (4,21) 86
(4,21) (3,21) 99
(4,21) (5,21) 55
(5,21) (4,21) 20
(5,21) (6,21) 69
(6,21) (5,21) 86
(6,21) (7,21) 44
(7,21) (6,21) 45
(7,21) (8,21) 40
(8,21) (7,21) 17
(8,21) (9,21) 15
(9,21) (8,21) 95
(9,21) (10,21) 20
(10,21) (9,21) 73
(10,21) (11,21) 42
(11,21) (10,21) 40
(11,21) (12,21) 94
(12,21) (11,21) 40
(12,21) (13,21) 49
(13,21) (12,21) 88
(13,21) (14,21) 79
(14,21) (13,21) 7
(14,21) (15,21) 43
(15,21) (14,21) 33
(15,21) (16,21) 66
(16,21) (15,21) 97
(16,21) (17,21) 72
(17,21) (16,21) 41
(17,21) (18,21) 45
(18,21) (17,21) 91
(18,21) (19,21) 87
(19,21) (18,21) 18
(19,21) (20,21) 31
(20,21) (19,21) 29
(20,21) (21,21) 9
(21,21) (20,21) 25
(21,21) (22,21) 36
(22,21) (21,21) 35
(22,21) (23,21) 37
(23,21) (22,21) 88
(23,21) (24,21) 27
(24,21) (23,21) 89
(24,21) (25,21) 63
(25,21) (24,21) 7
(25,21) (26,21) 30
(26,21) (25,21) 80
(26,21) (27,21) 87
(27,21) (26,21) 74
(27,21) (28,21) 60
(28,21) (27,21) 35
(28,21) (29,21) 95
(29,21) (28,21) 14
(29,21) (30,21) 43
(30,21) (29,21) 69
(30,21) (31,21) 70
(31,21) (30,21) 73
(31,21) (32,21) 54
(32,21) (31,21) 57
(32,21) (33,21) 12
(33,21) (32,21) 92
(33,21) (34,21) 96
(34,21) (33,21) 68
(34,21) (35,21) 15
(35,21) (34,21) 76
(35,21) (36,21) 55
(36,21) (35,21) 54
(36,21) (37,21) 96
(37,21) (36,21) 92
(37,21) (38,21) 9
(38,21) (37,21) 74
(38,21) (39,21) 83
(39,21) (38,21) 67
(39,21) (40,21) 89
(40,21) (39,21) 56
(1,22) (2,22) 73
(2,22) (1,22) 86
(2,22) (3,22) 83
(3,22) (2,22) 89
(3,22) (4,22) 59
(4,22) (3,22) 57
(4,22) (5,22) 66
(5,22) (4,22) 14
(5,22) (6,22) 68
(6,22) (5,22) 95
(6,22) (7,22) 35
(7,22) (6,22) 82
(7,22) (8,22) 64
(8,22) (7,22) 27
(8,22) (9,22) 94
(9,22) (8,22) 94
(9,22) (10,22) 33
(10,22) (9,22) 99
(10,22) (11,22) 24
(11,22) (10,22) 94
(11,22) (12,22) 4
(12,22) (11,22) 92
(12,22) (13,22) 64
(13,22) (12,22) 2
(13,22) (14,22) 40
(14,22) (13,22) 29
(14,22) (15,22) 96
(15,22) (14,22) 2
(15,22) (16,22) 10
(16,22) (15,22) 1
(16,22) (17,22) 57
(17,22) (16,22) 12
(17,22) (18,22) 80
(18,22) (17,22) 54
(18,22) (19,22) 64
(19,22) (18,22) 9
(19,22) (20,22) 89
(20,22) (19,22) 28
(20,22) (21,22) 7
(21,22) (20,22) 11
(21,22) (22,22) 72
(22,22) (21,22) 43
(22,22) (23,22) 74
(23,22) (22,22) 94
(23,22) (24,22) 29
(24,22) (23,22) 23
(24,22) (25,22) 71
(25,22) (24,22) 5
(25,22) (26,22) 61
(26,22) (25,22) 30
(26,22) (27,22) 26
(27,22) (26,22) 52
(27,22) (28,22) 41
(28,22) (27,22) 68
(28,22) (29,22) 95
(29,22) (28,22) 12
(29,22) (30,22) 72
(30,22) (29,22) 26
(30,22) (31,22) 42
(31,22) (30,22) 95
(31,22) (32,22) 10
(32,22) (31,22) 47
(32,22) (33,22) 95
(33,22) (32,22) 83
(33,22) (34,22) 78
(34,22) (33,22) 9
(34,22) (35,22) 31
(35,22) (34,22) 42
(35,22) (36,22) 98
(36,22) (35,22) 77
(36,22) (37,22) 40
(37,22) (36,22) 93
(37,22) (38,22) 58
(38,22) (37,22) 15
(38,22) (39,22) 22
(39,22) (38,22) 21
(39,22) (40,22) 66
(40,22) (39,22) 60
(1,23) (2,23) 4
(2,23) (1,23) 94
(2,23) (3,23) 52
(3,23) (2,23) 57
(3,23) (4,23) 28
(4,23) (3,23) 51
(4,23) (5,23) 70
(5,23) (4,23) 62
(5,23) (6,23) 43
(6,23) (5,23) 26
(6,23) (7,23) 14
(7,23) (6,23) 96
(7,23) (8,23) 49
(8,23) (7,23) 50
(8,23) (9,23) 52
(9,23) (8,23) 9
(9,23) (10,23) 65
(10,23) (9,23) 99
(10,23) (11,23) 21
(11,23) (10,23) 46
(11,23) (12,23) 22
(12,23) (11,23) 87
(12,23) (13,23) 96
(13,23) (12,23) 89
(13,23) (14,23) 64
(14,23) (13,23) 47
(14,23) (15,23) 19
(15,23) (14,23) 81
(15,23) (16,23) 38
(16,23) (15,23) 52
(16,23) (17,23) 1
(17,23) (16,23) 19
(17,23) (18,23) 70
(18,23) (17,23) 37
(18,23) (19,23) 52
(19,23) (18,23) 21
(19,23) (20,23) 48
(20,23) (19,23) 42
(20,23) (21,23) 51
(21,23) (20,23) 26
(21,23) (22,23) 60
(22,23) (21,23) 66
(22,23) (23,23) 56
(23,23) (22,23) 20
(23,23) (24,23) 54
(24,23) (23,23) 86
(24,23) (25,23) 87
(25,23) (24,23) 26
(25,23) (26,23) 80
(26,23) (25,23) 38
(26,23) (27,23) 70
(27,23) (26,23) 77
(27,23) (28,23) 43
(28,23) (27,23) 89
(28,23) (29,23) 53
(29,23) (28,23) 91
(29,23) (30,23) 68
(30,23) (29,23) 11
(30,23) (31,23) 27
(31,23) (30,23) 35
(31,23) (32,23) 10
(32,23) (31,23) 47
(32,23) (33,23) 93
(33,23) (32,23) 20
(33,23) (34,23) 12
(34,23) (33,23) 57
(34,23) (35,23) 3
(35,23) (34,23) 28
(35,23) (36,23) 64
(36,23) (35,23) 41
(36,23) (37,23) 84
(37,23) (36,23) 1
(37,23) (38,23) 56
(38,23) (37,23) 10
(38,23) (39,23) 31
(39,23) (38,23) 69
(39,23) (40,23) 42
(40,23) (39,23) 16
(1,24) (2,24) 7
(2,24) (1,24) 3
(2,24) (3,24) 10
(3,24) (2,24) 89
(3,24) (4,24) 49
(4,24) (3,24) 50
(4,24) (5,24) 72
(5,24) (4,24) 74
(5,24) (6,24) 41
(6,24) (5,24) 49
(6,24) (7,24) 59
(7,24) (6,24) 91
(7,24) (8,24) 18
(8,24) (7,24) 40
(8,24) (9,24) 62
(9,24) (8,24) 81
(9,24) (10,24) 79
(10,24) (9,24) 79
(10,24) (11,24) 19
(11,24) (10,24) 48
(11,24) (12,24) 30
(12,24) (11,24) 24
(12,24) (13,24) 94
(13,24) (12,24) 41
(13,24) (14,24) 6
(14,24) (13,24) 55
(14,24) (15,24) 56
(15,24) (14,24) 36
(15,24) (16,24) 66
(16,24) (15,24) 19
(16,24) (17,24) 91
(17,24) (16,24) 51
(17,24) (18,24) 45
(18,24) (17,24) 52
(18,24) (19,24) 71
(19,24) (18,24) 92
(19,24) (20,24) 41
(20,24) (19,24) 5
(20,24) (21,24) 71
(21,24) (20,24) 78
(21,24) (22,24) 18
(22,24) (21,24) 48
(22,24) (23,24) 54
(23,24) (22,24) 4
(23,24) (24,24) 56
(24,24) (23,24) 20
(24,24) (25,24) 90
(25,24) (24,24) 26
(25,24) (26,24) 53
(26,24) (25,24) 47
(26,24) (27,24) 59
(27,24) (26,24) 1
(27,24) (28,24) 25
(28,24) (27,24) 16
(28,24) (29,24) 32
(29,24) (28,24) 89
(29,24) (30,24) 88
(30,24) (29,24) 76
(30,24) (31,24) 39
(31,24) (30,24) 33
(31,24) (32,24) 7
(32,24) (31,24) 14
(32,24) (33,24) 67
(33,24) (32,24) 75
(33,24) (34,24) 24
(34,24) (33,24) 21
(34,24) (35,24) 62
(35,24) (34,24) 23
(35,24) (36,24) 95
(36,24) (35,24) 47
(36,24) (37,24) 94
(37,24) (36,24) 32
(37,24) (38,24) 82
(38,24) (37,24) 15
(38,24) (39,24) 61
(39,24) (38,24) 46
(39,24) (40,24) 80
(40,24) (39,24) 3
(1,25) (2,25) 30
(2,25) (1,25) 74
(2,25) (3,25) 34
(3,25) (2,25) 100
(3,25) (4,25) 55
(4,25) (3,25) 59
(4,25) (5,25) 8
(5,25) (4,25) 12
(5,25) (6,25) 48
(6,25) (5,25) 86
(6,25) (7,25) 15
(7,25) (6,25) 55
(7,25) (8,25) 58
(8,25) (7,25) 77
(8,25) (9,25) 56
(9,25) (8,25) 58
(9,25) (10,25) 96
(10,25) (9,25) 21
(10,25) (11,25) 56
(11,25) (10,25) 17
(11,25) (12,25) 44
(12,25) (11,25) 46
(12,25) (13,25) 19
(13,25) (12,25) 22
(13,25) (14,25) 47
(14,25) (13,25) 24
(14,25) (15,25) 56
(15,25) (14,25) 15
(15,25) (16,25) 59
(16,25) (15,25) 37
(16,25) (17,25) 27
(17,25) (16,25) 61
(17,25) (18,25) 38
(18,25) (17,25) 51
(18,25) (19,25) 2
(19,25) (18,25) 76
(19,25) (20,25) 35
(20,25) (19,25) 55
(20,25) (21,25) 38
(21,25) (20,25) 8
(21,25) (22,25) 85
(22,25) (21,25) 7
(22,25) (23,25) 26
(23,25) (22,25) 41
(23,25) (24,25) 8
(24,25) (23,25) 4
(24,25) (25,25) 22
(25,25) (24,25) 7
(25,25) (26,25) 44
(26,25) (25,25) 89
(26,25) (27,25) 33
(27,25) (26,25) 44
(27,25) (28,25) 8
(28,25) (27,25) 73
(28,25) (29,25) 89
(29,25) (28,25) 8
(29,25) (30,25) 64
(30,25) (29,25) 59
(30,25) (31,25) 100
(31,25) (30,25) 60
(31,25) (32,25) 37
(32,25) (31,25) 41
(32,25) (33,25) 53
(33,25) (32,25) 67
(33,25) (34,25) 66
(34,25) (33,25) 26
(34,25) (35,25) 49
(35,25) (34,25) 33
(35,25) (36,25) 20
(36,25) (35,25) 26
(36,25) (37,25) 53
(37,25) (36,25) 49
(37,25) (38,25) 18
(38,25) (37,25) 56
(38,25) (39,25) 13
(39,25) (38,25) 62
(39,25) (40,25) 14
(40,25) (39,25) 26
(1,26) (2,26) 69
(2,26) (1,26) 42
(2,26) (3,26) 57
(3,26) (2,26) 29
(3,26) (4,26) 72
(4,26) (3,26) 80
(4,26) (5,26) 39
(5,26) (4,26) 8
(5,26) (6,26) 93
(6,26) (5,26) 72
(6,26) (7,26) 80
(7,26) (6,26) 32
(7,26) (8,26) 99
(8,26) (7,26) 17
(8,26) (9,26) 70
(9,26) (8,26) 58
(9,26) (10,26) 2
(10,26) (9,26) 83
(10,26) (11,26) 42
(11,26) (10,26) 61
(11,26) (12,26) 28
(12,26) (11,26) 35
(12,26) (13,26) 22
(13,26) (12,26) 10
(13,26) (14,26) 43
(14,26) (13,26) 77
(14,26) (15,26) 29
(15,26) (14,26) 30
(15,26) (16,26) 52
(16,26) (15,26) 29
(16,26) (17,26) 19
(17,26) (16,26) 23
(17,26) (18,26) 80
(18,26) (17,26) 37
(18,26) (19,26) 77
(19,26) (18,26) 87
(19,26) (20,26) 44
(20,26) (19,26) 71
(20,26) (21,26) 69
(21,26) (20,26) 46
(21,26) (22,26) 90
(22,26) (21,26) 46
(22,26) (23,26) 83
(23,26) (22,26) 64
(23,26) (24,26) 36
(24,26) (23,26) 95
(24,26) (25,26) 94
(25,26) (24,26) 8
(25,26) (26,26) 97
(26,26) (25,26) 27
(26,26) (27,26) 2
(27,26) (26,26) 3
(27,26) (28,26) 70
(28,26) (27,26) 4
(28,26) (29,26) 100
(29,26) (28,26) 88
(29,26) (30,26) 76
(30,26) (29,26) 18
(30,26) (31,26) 85
(31,26) (30,26) 8
(31,26) (32,26) 75
(32,26) (31,26) 55
(32,26) (33,26) 1
(33,26) (32,26) 91
(33,26) (34,26) 9
(34,26) (33,26) 22
(34,26) (35,26) 10
(35,26) (34,26) 83
(35,26) (36,26) 73
(36,26) (35,26) 81
(36,26) (37,26) 77
(37,26) (36,26) 61
(37,26) (38,26) 5
(38,26) (37,26) 94
(38,26) (39,26) 40
(39,26) (38,26) 90
(39,26) (40,26) 35
(40,26) (39,26) 74
(1,27) (2,27) 94
(2,27) (1,27) 10
(2,27) (3,27) 28
(3,27) (2,27) 14
(3,27) (4,27) 30
(4,27) (3,27) 9
(4,27) (5,27) 60
(5,27) (4,27) 18
(5,27) (6,27) 79
(6,27) (5,27) 44
(6,27) (7,27) 2
(7,27) (6,27) 99
(7,27) (8,27) 62
(8,27) (7,27) 75
(8,27) (9,27) 83
(9,27) (8,27) 15
(9,27) (10,27) 72
(10,27) (9,27) 57
(10,27) (11,27) 30
(11,27) (10,27) 68
(11,27) (12,27) 14
(12,27) (11,27) 56
(12,27) (13,27) 3
(13,27) (12,27) 96
(13,27) (14,27) 75
(14,27) (13,27) 91
(14,27) (15,27) 90
(15,27) (14,27) 17
(15,27) (16,27) 37
(16,27) (15,27) 74
(16,27) (17,27) 97
(17,27) (16,27) 77
(17,27) (18,27) 66
(18,27) (17,27) 78
(18,27) (19,27) 97
(19,27) (18,27) 80
(19,27) (20,27) 78
(20,27) (19,27) 26
(20,27) (21,27) 12
(21,27) (20,27) 69
(21,27) (22,27) 42
(22,27) (21,27) 10
(22,27) (23,27) 39
(23,27) (22,27) 36
(23,27) (24,27) 51
(24,27) (23,27) 2
(24,27) (25,27) 11
(25,27) (24,27) 14
(25,27) (26,27) 37
(26,27) (25,27) 11
(26,27) (27,27) 72
(27,27) (26,27) 92
(27,27) (28,27) 60
(28,27) (27,27) 18
(28,27) (29,27) 39
(29,27) (28,27) 81
(29,27) (30,27) 44
(30,27) (29,27) 66
(30,27) (31,27) 17
(31,27) (30,27) 69
(31,27) (32,27) 81
(32,27) (31,27) 13
(32,27) (33,27) 36
(33,27) (32,27) 9
(33,27) (34,27) 1
(34,27) (33,27) 54
(34,27) (35,27) 28
(35,27) (34,27) 25
(35,27) (36,27) 75
(36,27) (35,27) 54
(36,27) (37,27) 28
(37,27) (36,27) 47
(37,27) (38,27) 70
(38,27) (37,27) 98
(38,27) (39,27) 13
(39,27) (38,27) 33
(39,27) (40,27) 98
(40,27) (39,27) 57
(1,28) (2,28) 12
(2,28) (1,28) 32
(2,28) (3,28) 96
(3,28) (2,28) 39
(3,28) (4,28) 11
(4,28) (3,28) 64
(4,28) (5,28) 27
(5,28) (4,28) 46
(5,28) (6,28) 64
(6,28) (5,28) 95
(6,28) (7,28) 3
(7,28) (6,28) 28
(7,28) (8,28) 86
(8,28) (7,28) 48
(8,28) (9,28) 8
(9,28) (8,28) 22
(9,28) (10,28) 86
(10,28) (9,28) 10
(10,28) (11,28) 8
(11,28) (10,28) 44
(11,28) (12,28) 15
(12,28) (11,28) 94
(12,28) (13,28) 91
(13,28) (12,28) 54
(13,28) (14,28) 84
(14,28) (13,28) 70
(14,28) (15,28) 2
(15,28) (14,28) 59
(15,28) (16,28) 17
(16,28) (15,28) 94
(16,28) (17,28) 74
(17,28) (16,28) 1
(17,28) (18,28) 52
(18,28) (17,28) 53
(18,28) (19,28) 28
(19,28) (18,28) 82
(19,28) (20,28) 38
(20,28) (19,28) 41
(20,28) (21,28) 13
(21,28) (20,28) 47
(21,28) (22,28) 67
(22,28) (21,28) 60
(22,28) (23,28) 86
(23,28) (22,28) 54
(23,28) (24,28) 72
(24,28) (23,28) 13
(24,28) (25,28) 6
(25,28) (24,28) 13
(25,28) (26,28) 83
(26,28) (25,28) 15
(26,28) (27,28) 34
(27,28) (26,28) 62
(27,28) (28,28) 100
(28,28) (27,28) 73
(28,28) (29,28) 3
(29,28) (28,28) 45
(29,28) (30,28) 2
(30,28) (29,28) 70
(30,28) (31,28) 75
(31,28) (30,28) 83
(31,28) (32,28) 26
(32,28) (31,28) 20
(32,28) (33,28) 79
(33,28) (32,28) 73
(33,28) (34,28) 89
(34,28) (33,28) 60
(34,28) (35,28) 77
(35,28) (34,28) 9
(35,28) (36,28) 46
(36,28) (35,28) 20
(36,28) (37,28) 49
(37,28) (36,28) 13
(37,28) (38,28) 10
(38,28) (37,28) 41
(38,28) (39,28) 86
(39,28) (38,28) 72
(39,28) (40,28) 88
(40,28) (39,28) 12
(1,29) (2,29) 63
(2,29) (1,29) 47
(2,29) (3,29) 29
(3,29) (2,29) 85
(3,29) (4,29) 80
(4,29) (3,29) 17
(4,29) (5,29) 37
(5,29) (4,29) 80
(5,29) (6,29) 63
(6,29) (5,29) 96
(6,29) (7,29) 20
(7,29) (6,29) 100
(7,29) (8,29) 48
(8,29) (7,29) 17
(8,29) (9,29) 31
(9,29) (8,29) 49
(9,29) (10,29) 29
(10,29) (9,29) 42
(10,29) (11,29) 35
(11,29) (10,29) 6
(11,29) (12,29) 96
(12,29) (11,29) 90
(12,29) (13,29) 27
(13,29) (12,29) 80
(13,29) (14,29) 79
(14,29) (13,29) 85
(14,29) (15,29) 55
(15,29) (14,29) 22
(15,29) (16,29) 21
(16,29) (15,29) 58
(16,29) (17,29) 78
(17,29) (16,29) 93
(17,29) (18,29) 94
(18,29) (17,29) 84
(18,29) (19,29) 94
(19,29) (18,29) 88
(19,29) (20,29) 82
(20,29) (19,29) 57
(20,29) (21,29) 24
(21,29) (20,29) 62
(21,29) (22,29) 16
(22,29) (21,29) 2
(22,29) (23,29) 73
(23,29) (22,29) 60
(23,29) (24,29) 90
(24,29) (23,29) 24
(24,29) (25,29) 31
(25,29) (24,29) 79
(25,29) (26,29) 28
(26,29) (25,29) 91
(26,29) (27,29) 68
(27,29) (26,29) 14
(27,29) (28,29) 17
(28,29) (27,29) 42
(28,29) (29,29) 57
(29,29) (28,29) 25
(29,29) (30,29) 23
(30,29) (29,29) 74
(30,29) (31,29) 14
(31,29) (30,29) 2
(31,29) (32,29) 19
(32,29) (31,29) 48
(32,29) (33,29) 26
(33,29) (32,29) 29
(33,29) (34,29) 29
(34,29) (33,29) 50
(34,29) (35,29) 21
(35,29) (34,29) 99
(35,29) (36,29) 62
(36,29) (35,29) 62
(36,29) (37,29) 37
(37,29) (36,29) 91
(37,29) (38,29) 24
(38,29) (37,29) 68
(38,29) (39,29) 33
(39,29) (38,29) 90
(39,29) (40,29) 84
(40,29) (39,29) 81
(1,30) (2,30) 91
(2,30) (1,30) 5
(2,30) (3,30) 68
(3,30) (2,30) 53
(3,30) (4,30) 90
(4,30) (3,30) 37
(4,30) (5,30) 3
(5,30) (4,30) 49
(5,30) (6,30) 20
(6,30) (5,30) 63
(6,30) (7,30) 20
(7,30) (6,30) 81
(7,30) (8,30) 69
(8,30) (7,30) 26
(8,30) (9,30) 7
(9,30) (8,30) 78
(9,30) (10,30) 59
(10,30) (9,30) 62
(10,30) (11,30) 67
(11,30) (10,30) 72
(11,30) (12,30) 43
(12,30) (11,30) 15
(12,30) (13,30) 63
(13,30) (12,30) 36
(13,30) (14,30) 26
(14,30) (13,30) 67
(14,30) (15,30) 32
(15,30) (14,30) 61
(15,30) (16,30) 61
(16,30) (15,30) 29
(16,30) (17,30) 63
(17,30) (16,30) 45
(17,30) (18,30) 55
(18,30) (17,30) 27
(18,30) (19,30) 77
(19,30) (18,30) 2
(19,30) (20,30) 8
(20,30) (19,30) 19
(20,30) (21,30) 95
(21,30) (20,30) 19
(21,30) (22,30) 87
(22,30) (21,30) 66
(22,30) (23,30) 24
(23,30) (22,30) 69
(23,30) (24,30) 78
(24,30) (23,30) 46
(24,30) (25,30) 42
(25,30) (24,30) 36
(25,30) (26,30) 46
(26,30) (25,30) 26
(26,30) (27,30) 12
(27,30) (26,30) 59
(27,30) (28,30) 86
(28,30) (27,30) 24
(28,30) (29,30) 51
(29,30) (28,30) 99
(29,30) (30,30) 9
(30,30) (29,30) 70
(30,30) (31,30) 53
(31,30) (30,30) 29
(31,30) (32,30) 68
(32,30) (31,30) 50
(32,30) (33,30) 19
(33,30) (32,30) 6
(33,30) (34,30) 42
(34,30) (33,30) 1
(34,30) (35,30) 67
(35,30) (34,30) 33
(35,30) (36,30) 70
(36,30) (35,30) 95
(36,30) (37,30) 100
(37,30) (36,30) 75
(37,30) (38,30) 83
(38,30) (37,30) 38
(38,30) (39,30) 26
(39,30) (38,30) 55
(39,30) (40,30) 36
(40,30) (39,30) 13
(1,31) (2,31) 79
(2,31) (1,31) 33
(2,31) (3,31) 7
(3,31) (2,31) 36
(3,31) (4,31) 76
(4,31) (3,31) 49
(4,31) (5,31) 8
(5,31) (4,31) 89
(5,31) (6,31) 30
(6,31) (5,31) 39
(6,31) (7,31) 27
(7,31) (6,31) 65
(7,31) (8,31) 81
(8,31) (7,31) 37
(8,31) (9,31) 82
(9,31) (8,31) 1
(9,31) (10,31) 63
(10,31) (9,31) 81
(10,31) (11,31) 26
(11,31) (10,31) 12
(11,31) (12,31) 58
(12,31) (11,31) 47
(12,31) (13,31) 41
(13,31) (12,31) 59
(13,31) (14,31) 43
(14,31) (13,31) 63
(14,31) (15,31) 40
(15,31) (14,31) 56
(15,31) (16,31) 78
(16,31) (15,31) 82
(16,31) (17,31) 15
(17,31) (16,31) 52
(17,31) (18,31) 35
(18,31) (17,31) 3
(18,31) (19,31) 66
(19,31) (18,31) 100
(19,31) (20,31) 48
(20,31) (19,31) 74
(20,31) (21,31) 49
(21,31) (20,31) 47
(21,31) (22,31) 13
(22,31) (21,31) 47
(22,31) (23,31) 8
(23,31) (22,31) 14
(23,31) (24,31) 82
(24,31) (23,31) 68
(24,31) (25,31) 28
(25,31) (24,31) 29
(25,31) (26,31) 27
(26,31) (25,31) 78
(26,31) (27,31) 49
(27,31) (26,31) 90
(27,31) (28,31) 2
(28,31) (27,31) 19
(28,31) (29,31) 12
(29,31) (28,31) 52
(29,31) (30,31) 31
(30,31) (29,31) 98
(30,31) (31,31) 18
(31,31) (30,31) 7
(31,31) (32,31) 96
(32,31) (31,31) 66
(32,31) (33,31) 84
(33,31) (32,31) 62
(33,31) (34,31) 93
(34,31) (33,31) 60
(34,31) (35,31) 3
(35,31) (34,31) 2
(35,31) (36,31) 90
(36,31) (35,31) 64
(36,31) (37,31) 15
(37,31) (36,31) 69
(37,31) (38,31) 24
(38,31) (37,31) 85
(38,31) (39,31) 28
(39,31) (38,31) 35
(39,31) (40,31) 62
(40,31) (39,31) 98
(1,32) (2,32) 20
(2,32) (1,32) 55
(2,32) (3,32) 52
(3,32) (2,32) 1
(3,32) (4,32) 88
(4,32) (3,32) 5
(4,32) (5,32) 3
(5,32) (4,32) 90
(5,32) (6,32) 3
(6,32) (5,32) 33
(6,32) (7,32) 81
(7,32) (6,32) 55
(7,32) (8,32) 81
(8,32) (7,32) 71
(8,32) (9,32) 8
(9,32) (8,32) 32
(9,32) (10,32) 78
(10,32) (9,32) 96
(10,32) (11,32) 54
(11,32) (10,32) 38
(11,32) (12,32) 61
(12,32) (11,32) 58
(12,32) (13,32) 43
(13,32) (12,32) 50
(13,32) (14,32) 8
(14,32) (13,32) 21
(14,32) (15,32) 6
(15,32) (14,32) 3
(15,32) (16,32) 94
(16,32) (15,32) 11
(16,32) (17,32) 11
(17,32) (16,32) 16
(17,32) (18,32) 56
(18,32) (17,32) 34
(18,32) (19,32) 34
(19,32) (18,32) 25
(19,32) (20,32) 51
(20,32) (19,32) 100
(20,32) (21,32) 69
(21,32) (20,32) 78
(21,32) (22,32) 23
(22,32) (21,32) 80
(22,32) (23,32) 8
(23,32) (22,32) 95
(23,32) (24,32) 64
(24,32) (23,32) 84
(24,32) (25,32) 34
(25,32) (24,32) 19
(25,32) (26,32) 21
(26,32) (25,32) 42
(26,32) (27,32) 81
(27,32) (26,32) 35
(27,32) (28,32) 49
(28,32) (27,32) 85
(28,32) (29,32) 71
(29,32) (28,32) 73
(29,32) (30,32) 59
(30,32) (29,32) 12
(30,32) (31,32) 91
(31,32) (30,32) 74
(31,32) (32,32) 19
(32,32) (31,32) 14
(32,32) (33,32) 71
(33,32) (32,32) 46
(33,32) (34,32) 80
(34,32) (33,32) 19
(34,32) (35,32) 24
(35,32) (34,32) 32
(35,32) (36,32) 97
(36,32) (35,32) 99
(36,32) (37,32) 1
(37,32) (36,32) 14
(37,32) (38,32) 31
(38,32) (37,32) 33
(38,32) (39,32) 73
(39,32) (38,32) 87
(39,32) (40,32) 92
(40,32) (39,32) 98
(1,33) (2,33) 74
(2,33) (1,33) 75
(2,33) (3,33) 97
(3,33) (2,33) 92
(3,33) (4,33) 67
(4,33) (3,33) 48
(4,33) (5,33) 47
(5,33) (4,33) 57
(5,33) (6,33) 6
(6,33) (5,33) 63
(6,33) (7,33) 53
(7,33) (6,33) 21
(7,33) (8,33) 97
(8,33) (7,33) 67
(8,33) (9,33) 59
(9,33) (8,33) 21
(9,33) (10,33) 40
(10,33) (9,33) 98
(10,33) (11,33) 38
(11,33) (10,33) 10
(11,33) (12,33) 50
(12,33) (11,33) 33
(12,33) (13,33) 23
(13,33) (12,33) 18
(13,33) (14,33) 49
(14,33) (13,33) 47
(14,33) (15,33) 87
(15,33) (14,33) 18
(15,33) (16,33) 87
(16,33) (15,33) 97
(16,33) (17,33) 69
(17,33) (16,33) 81
(17,33) (18,33) 8
(18,33) (17,33) 61
(18,33) (19,33) 47
(19,33) (18,33) 93
(19,33) (20,33) 27
(20,33) (19,33) 1
(20,33) (21,33) 15
(21,33) (20,33) 20
(21,33) (22,33) 29
(22,33) (21,33) 80
(22,33) (23,33) 76
(23,33) (22,33) 18
(23,33) (24,33) 33
(24,33) (23,33) 8
(24,33) (25,33) 10
(25,33) (24,33) 78
(25,33) (26,33) 41
(26,33) (25,33) 67
(26,33) (27,33) 76
(27,33) (26,33) 47
(27,33) (28,33) 6
(28,33) (27,33) 67
(28,33) (29,33) 10
(29,33) (28,33) 33
(29,33) (30,33) 74
(30,33) (29,33) 24
(30,33) (31,33) 55
(31,33) (30,33) 73
(31,33) (32,33) 39
(32,33) (31,33) 46
(32,33) (33,33) 55
(33,33) (32,33) 54
(33,33) (34,33) 5
(34,33) (33,33) 17
(34,33) (35,33) 46
(35,33) (34,33) 38
(35,33) (36,33) 10
(36,33) (35,33) 22
(36,33) (37,33) 88
(37,33) (36,33) 21
(37,33) (38,33) 58
(38,33) (37,33) 39
(38,33) (39,33) 50
(39,33) (38,33) 24
(39,33) (40,33) 13
(40,33) (39,33) 34
(1,34) (2,34) 100
(2,34) (1,34) 35
(2,34) (3,34) 17
(3,34) (2,34) 74
(3,34) (4,34) 57
(4,34) (3,34) 93
(4,34) (5,34) 89
(5,34) (4,34) 8
(5,34) (6,34) 75
(6,34) (5,34) 5
(6,34) (7,34) 28
(7,34) (6,34) 6
(7,34) (8,34) 72
(8,34) (7,34) 26
(8,34) (9,34) 21
(9,34) (8,34) 34
(9,34) (10,34) 21
(10,34) (9,34) 11
(10,34) (11,34) 15
(11,34) (10,34) 66
(11,34) (12,34) 99
(12,34) (11,34) 58
(12,34) (13,34) 4
(13,34) (12,34) 59
(13,34) (14,34) 44
(14,34) (13,34) 40
(14,34) (15,34) 22
(15,34) (14,34) 40
(15,34) (16,34) 87
(16,34) (15,34) 39
(16,34) (17,34) 45
(17,34) (16,34) 45
(17,34) (18,34) 4
(18,34) (17,34) 14
(18,34) (19,34) 78
(19,34) (18,34) 93
(19,34) (20,34) 66
(20,34) (19,34) 77
(20,34) (21,34) 10
(21,34) (20,34) 10
(21,34) (22,34) 1
(22,34) (21,34) 21
(22,34) (23,34) 72
(23,34) (22,34) 72
(23,34) (24,34) 32
(24,34) (23,34) 31
(24,34) (25,34) 76
(25,34) (24,34) 5
(25,34) (26,34) 32
(26,34) (25,34) 54
(26,34) (27,34) 55
(27,34) (26,34) 36
(27,34) (28,34) 56
(28,34) (27,34) 90
(28,34) (29,34) 96
(29,34) (28,34) 47
(29,34) (30,34) 49
(30,34) (29,34) 49
(30,34) (31,34) 89
(31,34) (30,34) 16
(31,34) (32,34) 25
(32,34) (31,34) 42
(32,34) (33,34) 92
(33,34) (32,34) 5
(33,34) (34,34) 51
(34,34) (33,34) 89
(34,34) (35,34) 83
(35,34) (34,34) 76
(35,34) (36,34) 66
(36,34) (35,34) 54
(36,34) (37,34) 26
(37,34) (36,34) 82
(37,34) (38,34) 14
(38,34) (37,34) 40
(38,34) (39,34) 16
(39,34) (38,34) 90
(39,34) (40,34) 50
(40,34) (39,34) 22
(1,35) (2,35) 48
(2,35) (1,35) 67
(2,35) (3,35) 36
(3,35) (2,35) 82
(3,35) (4,35) 21
(4,35) (3,35) 87
(4,35) (5,35) 95
(5,35) (4,35) 78
(5,35) (6,35) 10
(6,35) (5,35) 72
(6,35) (7,35) 23
(7,35) (6,35) 85
(7,35) (8,35) 36
(8,35) (7,35) 22
(8,35) (9,35) 90
(9,35) (8,35) 90
(9,35) (10,35) 23
(10,35) (9,35) 6
(10,35) (11,35) 49
(11,35) (10,35) 23
(11,35) (12,35) 35
(12,35) (11,35) 17
(12,35) (13,35) 13
(13,35) (12,35) 33
(13,35) (14,35) 68
(14,35) (13,35) 4
(14,35) (15,35) 36
(15,35) (14,35) 92
(15,35) (16,35) 13
(16,35) (15,35) 25
(16,35) (17,35) 67
(17,35) (16,35) 67
(17,35) (18,35) 2
(18,35) (17,35) 24
(18,35) (19,35) 73
(19,35) (18,35) 3
(19,35) (20,35) 9
(20,35) (19,35) 24
(20,35) (21,35) 95
(21,35) (20,35) 93
(21,35) (22,35) 3
(22,35) (21,35) 9
(22,35) (23,35) 36
(23,35) (22,35) 58
(23,35) (24,35) 53
(24,35) (23,35) 58
(24,35) (25,35) 93
(25,35) (24,35) 78
(25,35) (26,35) 53
(26,35) (25,35) 59
(26,35) (27,35) 1
(27,35) (26,35) 97
(27,35) (28,35) 40
(28,35) (27,35) 11
(28,35) (29,35) 75
(29,35) (28,35) 30
(29,35) (30,35) 33
(30,35) (29,35) 8
(30,35) (31,35) 81
(31,35) (30,35) 100
(31,35) (32,35) 72
(32,35) (31,35) 40
(32,35) (33,35) 93
(33,35) (32,35) 64
(33,35) (34,35) 42
(34,35) (33,35) 71
(34,35) (35,35) 19
(35,35) (34,35) 70
(35,35) (36,35) 4
(36,35) (35,35) 91
(36,35) (37,35) 9
(37,35) (36,35) 9
(37,35) (38,35) 87
(38,35) (37,35) 37
(38,35) (39,35) 18
(39,35) (38,35) 62
(39,35) (40,35) 14
(40,35) (39,35) 85
(1,36) (2,36) 95
(2,36) (1,36) 31
(2,36) (3,36) 47
(3,36) (2,36) 18
(3,36) (4,36) 49
(4,36) (3,36) 89
(4,36) (5,36) 81
(5,36) (4,36) 39
(5,36) (6,36) 33
(6,36) (5,36) 72
(6,36) (7,36) 16
(7,36) (6,36) 14
(7,36) (8,36) 97
(8,36) (7,36) 45
(8,36) (9,36) 55
(9,36) (8,36) 16
(9,36) (10,36) 3
(10,36) (9,36) 39
(10,36) (11,36) 55
(11,36) (10,36) 14
(11,36) (12,36) 69
(12,36) (11,36) 49
(12,36) (13,36) 76
(13,36) (12,36) 38
(13,36) (14,36) 71
(14,36) (13,36) 67
(14,36) (15,36) 1
(15,36) (14,36) 70
(15,36) (16,36) 71
(16,36) (15,36) 76
(16,36) (17,36) 33
(17,36) (16,36) 58
(17,36) (18,36) 6
(18,36) (17,36) 29
(18,36) (19,36) 65
(19,36) (18,36) 73
(19,36) (20,36) 51
(20,36) (19,36) 28
(20,36) (21,36) 90
(21,36) (20,36) 75
(21,36) (22,36) 1
(22,36) (21,36) 100
(22,36) (23,36) 19
(23,36) (22,36) 70
(23,36) (24,36) 34
(24,36) (23,36) 1
(24,36) (25,36) 52
(25,36) (24,36) 36
(25,36) (26,36) 9
(26,36) (25,36) 52
(26,36) (27,36) 9
(27,36) (26,36) 79
(27,36) (28,36) 28
(28,36) (27,36) 54
(28,36) (29,36) 6
(29,36) (28,36) 28
(29,36) (30,36) 75
(30,36) (29,36) 82
(30,36) (31,36) 82
(31,36) (30,36) 54
(31,36) (32,36) 16
(32,36) (31,36) 20
(32,36) (33,36) 8
(33,36) (32,36) 22
(33,36) (34,36) 72
(34,36) (33,36) 19
(34,36) (35,36) 54
(35,36) (34,36) 22
(35,36) (36,36) 32
(36,36) (35,36) 31
(36,36) (37,36) 31
(37,36) (36,36) 3
(37,36) (38,36) 2
(38,36) (37,36) 50
(38,36) (39,36) 38
(39,36) (38,36) 64
(39,36) (40,36) 98
(40,36) (39,36) 70
(1,37) (2,37) 61
(2,37) (1,37) 100
(2,37) (3,37) 36
(3,37) (2,37) 37
(3,37) (4,37) 10
(4,37) (3,37) 67
(4,37) (5,37) 32
(5,37) (4,37) 87
(5,37) (6,37) 55
(6,37) (5,37) 10
(6,37) (7,37) 77
(7,37) (6,37) 12
(7,37) (8,37) 65
(8,37) (7,37) 94
(8,37) (9,37) 4
(9,37) (8,37) 46
(9,37) (10,37) 21
(10,37) (9,37) 60
(10,37) (11,37) 64
(11,37) (10,37) 18
(11,37) (12,37) 46
(12,37) (11,37) 23
(12,37) (13,37) 88
(13,37) (12,37) 33
(13,37) (14,37) 68
(14,37) (13,37) 93
(14,37) (15,37) 69
(15,37) (14,37) 85
(15,37) (16,37) 86
(16,37) (15,37) 15
(16,37) (17,37) 10
(17,37) (16,37) 39
(17,37) (18,37) 20
(18,37) (17,37) 21
(18,37) (19,37) 67
(19,37) (18,37) 4
(19,37) (20,37) 67
(20,37) (19,37) 43
(20,37) (21,37) 65
(21,37) (20,37) 6
(21,37) (22,37) 65
(22,37) (21,37) 30
(22,37) (23,37) 7
(23,37) (22,37) 9
(23,37) (24,37) 90
(24,37) (23,37) 34
(24,37) (25,37) 30
(25,37) (24,37) 90
(25,37) (26,37) 82
(26,37) (25,37) 9
(26,37) (27,37) 23
(27,37) (26,37) 50
(27,37) (28,37) 98
(28,37) (27,37) 57
(28,37) (29,37) 35
(29,37) (28,37) 54
(29,37) (30,37) 5
(30,37) (29,37) 64
(30,37) (31,37) 20
(31,37) (30,37) 86
(31,37) (32,37) 35
(32,37) (31,37) 53
(32,37) (33,37) 30
(33,37) (32,37) 23
(33,37) (34,37) 47
(34,37) (33,37) 18
(34,37) (35,37) 70
(35,37) (34,37) 33
(35,37) (36,37) 43
(36,37) (35,37) 1
(36,37) (37,37) 30
(37,37) (36,37) 42
(37,37) (38,37) 14
(38,37) (37,37) 72
(38,37) (39,37) 71
(39,37) (38,37) 27
(39,37) (40,37) 83
(40,37) (39,37) 22
(1,38) (2,38) 73
(2,38) (1,38) 5
(2,38) (3,38) 65
(3,38) (2,38) 35
(3,38) (4,38) 24
(4,38) (3,38) 75
(4,38) (5,38) 74
(5,38) (4,38) 88
(5,38) (6,38) 32
(6,38) (5,38) 34
(6,38) (7,38) 2
(7,38) (6,38) 41
(7,38) (8,38) 90
(8,38) (7,38) 1
(8,38) (9,38) 52
(9,38) (8,38) 84
(9,38) (10,38) 38
(10,38) (9,38) 100
(10,38) (11,38) 100
(11,38) (10,38) 16
(11,38) (12,38) 61
(12,38) (11,38) 21
(12,38) (13,38) 71
(13,38) (12,38) 50
(13,38) (14,38) 56
(14,38) (13,38) 100
(14,38) (15,38) 88
(15,38) (14,38) 19
(15,38) (16,38) 12
(16,38) (15,38) 64
(16,38) (17,38) 46
(17,38) (16,38) 90
(17,38) (18,38) 74
(18,38) (17,38) 93
(18,38) (19,38) 40
(19,38) (18,38) 69
(19,38) (20,38) 55
(20,38) (19,38) 92
(20,38) (21,38) 49
(21,38) (20,38) 36
(21,38) (22,38) 48
(22,38) (21,38) 93
(22,38) (23,38) 79
(23,38) (22,38) 54
(23,38) (24,38) 83
(24,38) (23,38) 22
(24,38) (25,38) 45
(25,38) (24,38) 22
(25,38) (26,38) 89
(26,38) (25,38) 22
(26,38) (27,38) 74
(27,38) (26,38) 82
(27,38) (28,38) 61
(28,38) (27,38) 32
(28,38) (29,38) 34
(29,38) (28,38) 50
(29,38) (30,38) 91
(30,38) (29,38) 54
(30,38) (31,38) 73
(31,38) (30,38) 99
(31,38) (32,38) 51
(32,38) (31,38) 89
(32,38) (33,38) 87
(33,38) (32,38) 46
(33,38) (34,38) 77
(34,38) (33,38) 52
(34,38) (35,38) 6
(35,38) (34,38) 92
(35,38) (36,38) 96
(36,38) (35,38) 93
(36,38) (37,38) 83
(37,38) (36,38) 73
(37,38) (38,38) 39
(38,38) (37,38) 76
(38,38) (39,38) 76
(39,38) (38,38) 71
(39,38) (40,38) 51
(40,38) (39,38) 80
(1,39) (2,39) 71
(2,39) (1,39) 77
(2,39) (3,39) 69
(3,39) (2,39) 99
(3,39) (4,39) 32
(4,39) (3,39) 68
(4,39) (5,39) 1
(5,39) (4,39) 86
(5,39) (6,39) 9
(6,39) (5,39) 69
(6,39) (7,39) 15
(7,39) (6,39) 78
(7,39) (8,39) 51
(8,39) (7,39) 68
(8,39) (9,39) 38
(9,39) (8,39) 97
(9,39) (10,39) 83
(10,39) (9,39) 6
(10,39) (11,39) 46
(11,39) (10,39) 93
(11,39) (12,39) 6
(12,39) (11,39) 51
(12,39) (13,39) 64
(13,39) (12,39) 100
(13,39) (14,39) 21
(14,39) (13,39) 7
(14,39) (15,39) 81
(15,39) (14,39) 17
(15,39) (16,39) 65
(16,39) (15,39) 79
(16,39) (17,39) 83
(17,39) (16,39) 3
(17,39) (18,39) 82
(18,39) (17,39) 90
(18,39) (19,39) 16
(19,39) (18,39) 1
(19,39) (20,39) 16
(20,39) (19,39) 59
(20,39) (21,39) 49
(21,39) (20,39) 6
(21,39) (22,39) 11
(22,39) (21,39) 47
(22,39) (23,39) 60
(23,39) (22,39) 26
(23,39) (24,39) 64
(24,39) (23,39) 56
(24,39) (25,39) 47
(25,39) (24,39) 93
(25,39) (26,39) 89
(26,39) (25,39) 13
(26,39) (27,39) 68
(27,39) (26,39) 68
(27,39) (28,39) 14
(28,39) (27,39) 19
(28,39) (29,39) 86
(29,39) (28,39) 35
(29,39) (30,39) 15
(30,39) (29,39) 34
(30,39) (31,39) 61
(31,39) (30,39) 98
(31,39) (32,39) 14
(32,39) (31,39) 10
(32,39) (33,39) 2
(33,39) (32,39) 49
(33,39) (34,39) 89
(34,39) (33,39) 1
(34,39) (35,39) 67
(35,39) (34,39) 46
(35,39) (36,39) 89
(36,39) (35,39) 86
(36,39) (37,39) 58
(37,39) (36,39) 61
(37,39) (38,39) 62
(38,39) (37,39) 83
(38,39) (39,39) 61
(39,39) (38,39) 36
(39,39) (40,39) 51
(40,39) (39,39) 100
(1,40) (2,40) 69
(2,40) (1,40) 61
(2,40) (3,40) 2
(3,40) (2,40) 21
(3,40) (4,40) 16
(4,40) (3,40) 85
(4,40) (5,40) 25
(5,40) (4,40) 70
(5,40) (6,40) 50
(6,40) (5,40) 75
(6,40) (7,40) 64
(7,40) (6,40) 61
(7,40) (8,40) 24
(8,40) (7,40) 58
(8,40) (9,40) 47
(9,40) (8,40) 1
(9,40) (10,40) 61
(10,40) (9,40) 52
(10,40) (11,40) 81
(11,40) (10,40) 42
(11,40) (12,40) 93
(12,40) (11,40) 24
(12,40) (13,40) 26
(13,40) (12,40) 86
(13,40) (14,40) 19
(14,40) (13,40) 10
(14,40) (15,40) 58
(15,40) (14,40) 83
(15,40) (16,40) 23
(16,40) (15,40) 43
(16,40) (17,40) 35
(17,40) (16,40) 62
(17,40) (18,40) 41
(18,40) (17,40) 56
(18,40) (19,40) 45
(19,40) (18,40) 92
(19,40) (20,40) 2
(20,40) (19,40) 45
(20,40) (21,40) 95
(21,40) (20,40) 67
(21,40) (22,40) 96
(22,40) (21,40) 7
(22,40) (23,40) 93
(23,40) (22,40) 22
(23,40) (24,40) 26
(24,40) (23,40) 53
(24,40) (25,40) 68
(25,40) (24,40) 51
(25,40) (26,40) 70
(26,40) (25,40) 84
(26,40) (27,40) 89
(27,40) (26,40) 61
(27,40) (28,40) 67
(28,40) (27,40) 6
(28,40) (29,40) 13
(29,40) (28,40) 66
(29,40) (30,40) 32
(30,40) (29,40) 51
(30,40) (31,40) 16
(31,40) (30,40) 61
(31,40) (32,40) 98
(32,40) (31,40) 63
(32,40) (33,40) 38
(33,40) (32,40) 65
(33,40) (34,40) 90
(34,40) (33,40) 43
(34,40) (35,40) 63
(35,40) (34,40) 72
(35,40) (36,40) 42
(36,40) (35,40) 30
(36,40) (37,40) 67
(37,40) (36,40) 7
(37,40) (38,40) 17
(38,40) (37,40) 4
(38,40) (39,40) 93
(39,40) (38,40) 51
(39,40) (40,40) 91
(40,40) (39,40) 36
(1,40) t 73
(2,40) t 60
(3,40) t 63
(4,40) t 94
(5,40) t 65
(6,40) t 42
(7,40) t 46
(8,40) t 24
(9,40) t 93
(10,40) t 86
(11,40) t 61
(12,40) t 49
(13,40) t 4
(14,40) t 67
(15,40) t 50
(16,40) t 41
(17,40) t 91
(18,40) t 66
(19,40) t 16
(20,40) t 37
(21,40) t 48
(22,40) t 87
(23,40) t 55
(24,40) t 82
(25,40) t 3
(26,40) t 81
(27,40) t 56
(28,40) t 50
(29,40) t 89
(30,40) t 94
(31,40) t 31
(32,40) t 13
(33,40) t 78
(34,40) t 33
(35,40) t 36
(36,40) t 58
(37,40) t 63
(38,40) t 89
(39,40) t 40
(40,40) t 11
